sim,year,species_code,length,males,females,unsexed
1,2017,10110,40,0,0,0
1,2019,10110,40,0,0,0
1,2021,10110,40,0,0,0
1,2017,10110,50,0,0,0
1,2019,10110,50,0,0,0
1,2021,10110,50,0,0,0
1,2017,10110,60,0,0,0
1,2019,10110,60,0,0,0
1,2021,10110,60,0,0,0
1,2017,10110,70,0,0,0
1,2019,10110,70,0,0,0
1,2021,10110,70,0,0,0
1,2017,10110,80,130739,122323,0
1,2019,10110,80,31545,0,0
1,2021,10110,80,0,0,0
1,2017,10110,90,0,11381,15444
1,2019,10110,90,0,0,33391
1,2021,10110,90,0,0,0
1,2017,10110,100,17321,25723,50812
1,2019,10110,100,58562,0,16696
1,2021,10110,100,0,0,0
1,2017,10110,110,197995,120821,104765
1,2019,10110,110,151025,144110,348464
1,2021,10110,110,302857,181716,68526
1,2017,10110,120,58980,125335,173603
1,2019,10110,120,277934,539142,427301
1,2021,10110,120,369493,476911,158944
1,2017,10110,130,234086,191038,352266
1,2019,10110,130,487845,698381,233890
1,2021,10110,130,470825,455617,19459
1,2017,10110,140,615472,584273,236436
1,2019,10110,140,818985,1109888,101215
1,2021,10110,140,556320,718484,0
1,2017,10110,150,548793,1219408,163826
1,2019,10110,150,1432816,1635562,40462
1,2021,10110,150,410552,927327,0
1,2017,10110,160,1312563,1691037,185056
1,2019,10110,160,1571162,1792495,16696
1,2021,10110,160,776270,827004,0
1,2017,10110,170,2156862,2424023,128455
1,2019,10110,170,2638146,3320736,28579
1,2021,10110,170,1294360,1464502,0
1,2017,10110,180,5102013,5756741,36798
1,2019,10110,180,4738100,6488103,15828
1,2021,10110,180,2181872,4239085,0
1,2017,10110,190,7288873,11244321,143663
1,2019,10110,190,10492087,14769623,0
1,2021,10110,190,5483357,6945532,0
1,2017,10110,200,9969677,13104037,32573
1,2019,10110,200,14888344,26605132,46600
1,2021,10110,200,9484178,12725794,0
1,2017,10110,210,10968925,14066705,0
1,2019,10110,210,22099677,30917313,0
1,2021,10110,210,14817016,19047584,0
1,2017,10110,220,13406529,18447315,78703
1,2019,10110,220,21255415,34558518,17942
1,2021,10110,220,17961845,20738032,0
1,2017,10110,230,15560479,20154331,7130
1,2019,10110,230,25908384,36482810,38066
1,2021,10110,230,14590211,20349025,0
1,2017,10110,240,15873217,22032328,0
1,2019,10110,240,25421639,35703178,12007
1,2021,10110,240,13460124,20625860,0
1,2017,10110,250,17949912,20589486,0
1,2019,10110,250,21815344,35562648,0
1,2021,10110,250,13651619,21282152,0
1,2017,10110,260,19961933,17529782,0
1,2019,10110,260,22242180,33440060,0
1,2021,10110,260,15944577,22398729,0
1,2017,10110,270,20351103,21132697,0
1,2019,10110,270,23228731,33853979,0
1,2021,10110,270,19510353,26522574,0
1,2017,10110,280,20653052,23483050,0
1,2019,10110,280,25779535,35008075,0
1,2021,10110,280,25722528,35736918,0
1,2017,10110,290,17584277,26858367,0
1,2019,10110,290,26779432,36116268,0
1,2021,10110,290,26693377,37406355,0
1,2017,10110,300,23071436,28065197,0
1,2019,10110,300,28858222,40295253,0
1,2021,10110,300,24180081,38644935,0
1,2017,10110,310,20477913,26629850,0
1,2019,10110,310,26718490,39985778,0
1,2021,10110,310,24169799,40909760,0
1,2017,10110,320,24576595,31147115,67261
1,2019,10110,320,26848279,34330597,0
1,2021,10110,320,20486476,36967085,0
1,2017,10110,330,23263543,32351207,0
1,2019,10110,330,22756658,34913039,0
1,2021,10110,330,21673027,42108720,0
1,2017,10110,340,28989340,32933357,67261
1,2019,10110,340,23363353,31404480,0
1,2021,10110,340,25134143,42826838,0
1,2017,10110,350,30112713,40393584,134521
1,2019,10110,350,23068233,32036600,0
1,2021,10110,350,29918933,42793381,17819
1,2017,10110,360,32776730,37301309,67261
1,2019,10110,360,25950499,29893397,0
1,2021,10110,360,29617211,47626742,0
1,2017,10110,370,27937131,46281734,0
1,2019,10110,370,27469845,31117553,0
1,2021,10110,370,30605875,41777254,0
1,2017,10110,380,28433425,45805680,0
1,2019,10110,380,28288182,30323003,0
1,2021,10110,380,36070730,43729708,0
1,2017,10110,390,28178951,46859105,0
1,2019,10110,390,34128536,29954788,0
1,2021,10110,390,34147262,42151143,0
1,2017,10110,400,25357338,41904662,0
1,2019,10110,400,39666141,30982564,0
1,2021,10110,400,35087409,40810277,0
1,2017,10110,410,23328088,37138609,67261
1,2019,10110,410,35217493,30113097,0
1,2021,10110,410,34523102,37502418,0
1,2017,10110,420,17053142,34284759,67261
1,2019,10110,420,33969015,30041874,0
1,2021,10110,420,31110768,38350316,0
1,2017,10110,430,20265064,33957149,67261
1,2019,10110,430,27199773,32384549,0
1,2021,10110,430,29687741,31491567,0
1,2017,10110,440,18183047,31468526,0
1,2019,10110,440,22663278,34903853,0
1,2021,10110,440,24542142,35073191,0
1,2017,10110,450,19186900,26300979,0
1,2019,10110,450,16158922,34231006,0
1,2021,10110,450,19461742,34778664,0
1,2017,10110,460,16607414,28823623,0
1,2019,10110,460,13088524,36972729,0
1,2021,10110,460,17356943,33089711,0
1,2017,10110,470,11710683,26433643,0
1,2019,10110,470,10643671,37152751,0
1,2021,10110,470,11253498,31848233,0
1,2017,10110,480,8537279,25315077,0
1,2019,10110,480,6377092,40494232,0
1,2021,10110,480,8460271,38025427,0
1,2017,10110,490,5070381,28346765,0
1,2019,10110,490,4038791,35992505,0
1,2021,10110,490,4608846,34887479,0
1,2017,10110,500,2909707,26682646,0
1,2019,10110,500,2546590,31941798,0
1,2021,10110,500,2898725,40687679,0
1,2017,10110,510,2061468,27279808,0
1,2019,10110,510,1669068,24249128,0
1,2021,10110,510,1682522,38559670,0
1,2017,10110,520,270186,25352568,0
1,2019,10110,520,520066,22845768,0
1,2021,10110,520,821214,32891148,0
1,2017,10110,530,328249,25586246,0
1,2019,10110,530,428183,17043984,0
1,2021,10110,530,683283,26368884,0
1,2017,10110,540,233306,22044662,0
1,2019,10110,540,385009,14300433,0
1,2021,10110,540,172720,22947765,0
1,2017,10110,550,170127,21640162,0
1,2019,10110,550,106626,11696344,0
1,2021,10110,550,96843,14976977,0
1,2017,10110,560,86524,17330068,0
1,2019,10110,560,115625,9834780,0
1,2021,10110,560,8788,11424956,0
1,2017,10110,570,31955,13952971,0
1,2019,10110,570,161990,8465980,0
1,2021,10110,570,0,9344517,0
1,2017,10110,580,67869,13390394,0
1,2019,10110,580,0,9216946,0
1,2021,10110,580,55852,6923188,0
1,2017,10110,590,0,10996489,0
1,2019,10110,590,65793,5592503,0
1,2021,10110,590,8788,6268609,0
1,2017,10110,600,44261,11439030,0
1,2019,10110,600,63699,6344657,0
1,2021,10110,600,8788,3674508,0
1,2017,10110,610,0,8656839,0
1,2019,10110,610,127604,6175910,0
1,2021,10110,610,0,3815163,0
1,2017,10110,620,0,7973974,0
1,2019,10110,620,17537,5590645,0
1,2021,10110,620,0,3150611,0
1,2017,10110,630,0,6821503,0
1,2019,10110,630,75597,5263419,0
1,2021,10110,630,8788,2837971,0
1,2017,10110,640,32407,4309127,0
1,2019,10110,640,0,4570426,0
1,2021,10110,640,0,2880132,0
1,2017,10110,650,0,2994656,0
1,2019,10110,650,0,4300760,0
1,2021,10110,650,0,2177658,0
1,2017,10110,660,10445,3040257,0
1,2019,10110,660,0,3849850,0
1,2021,10110,660,0,2182789,0
1,2017,10110,670,0,2552438,0
1,2019,10110,670,0,3731866,0
1,2021,10110,670,0,1899600,0
1,2017,10110,680,0,1290417,0
1,2019,10110,680,0,2367953,0
1,2021,10110,680,31846,1665897,0
1,2017,10110,690,0,815339,0
1,2019,10110,690,0,1248875,0
1,2021,10110,690,0,1351189,0
1,2017,10110,700,0,759772,0
1,2019,10110,700,0,841255,0
1,2021,10110,700,19867,1450102,0
1,2017,10110,710,0,911241,0
1,2019,10110,710,0,622140,0
1,2021,10110,710,0,682209,0
1,2017,10110,720,0,593248,0
1,2019,10110,720,0,578077,0
1,2021,10110,720,0,698726,0
1,2017,10110,730,0,141475,0
1,2019,10110,730,0,389509,0
1,2021,10110,730,0,410369,0
1,2017,10110,740,0,91462,0
1,2019,10110,740,0,115712,0
1,2021,10110,740,0,134124,0
1,2017,10110,750,0,82802,0
1,2019,10110,750,0,49886,0
1,2021,10110,750,0,207262,0
1,2017,10110,760,0,280238,0
1,2019,10110,760,0,56773,0
1,2021,10110,760,0,225029,0
1,2017,10110,770,0,282629,0
1,2019,10110,770,0,148274,0
1,2021,10110,770,0,79010,0
1,2017,10110,780,0,139118,0
1,2019,10110,780,0,214711,0
1,2021,10110,780,0,145019,0
1,2017,10110,790,0,40695,0
1,2019,10110,790,0,0,0
1,2021,10110,790,0,70105,0
1,2017,10110,800,0,46641,0
1,2019,10110,800,0,41652,0
1,2021,10110,800,0,34946,0
1,2017,10110,810,0,129823,0
1,2019,10110,810,0,31162,0
1,2021,10110,810,0,0,0
1,2017,10110,820,0,0,0
1,2019,10110,820,0,17942,0
1,2021,10110,820,0,0,0
1,2017,10110,830,0,0,0
1,2019,10110,830,0,57099,0
1,2021,10110,830,0,0,0
1,2017,10110,840,0,0,0
1,2019,10110,840,0,0,0
1,2021,10110,840,0,0,0
1,2017,10110,850,0,0,0
1,2019,10110,850,0,0,0
1,2021,10110,850,0,0,0
1,2017,10110,860,0,0,0
1,2019,10110,860,0,0,0
1,2021,10110,860,0,0,0
1,2017,10110,870,0,0,0
1,2019,10110,870,0,0,0
1,2021,10110,870,0,0,0
1,2017,10110,880,0,0,0
1,2019,10110,880,0,0,0
1,2021,10110,880,0,0,0
1,2017,10110,890,0,0,0
1,2019,10110,890,0,0,0
1,2021,10110,890,0,0,0
1,2017,10110,900,0,0,0
1,2019,10110,900,0,0,0
1,2021,10110,900,0,0,0
1,2017,10110,910,0,0,0
1,2019,10110,910,0,0,0
1,2021,10110,910,0,0,0
1,2017,10110,990,0,0,0
1,2019,10110,990,0,0,0
1,2021,10110,990,0,0,0
1,2017,10120,40,0,0,0
1,2019,10120,40,0,0,0
1,2021,10120,40,0,0,0
1,2017,10120,50,0,0,0
1,2019,10120,50,0,0,0
1,2021,10120,50,0,0,0
1,2017,10120,60,0,0,0
1,2019,10120,60,0,0,0
1,2021,10120,60,0,0,0
1,2017,10120,70,0,0,0
1,2019,10120,70,0,0,0
1,2021,10120,70,0,0,0
1,2017,10120,80,0,0,0
1,2019,10120,80,0,0,0
1,2021,10120,80,0,0,0
1,2017,10120,90,0,0,0
1,2019,10120,90,0,0,0
1,2021,10120,90,0,0,0
1,2017,10120,100,0,0,0
1,2019,10120,100,0,0,0
1,2021,10120,100,0,0,0
1,2017,10120,110,23039,30517,0
1,2019,10120,110,0,0,51373
1,2021,10120,110,0,0,0
1,2017,10120,120,0,0,0
1,2019,10120,120,0,0,29651
1,2021,10120,120,0,0,0
1,2017,10120,130,0,0,0
1,2019,10120,130,0,0,0
1,2021,10120,130,0,0,25499
1,2017,10120,140,0,0,42718
1,2019,10120,140,0,0,59302
1,2021,10120,140,0,0,25499
1,2017,10120,150,0,0,220490
1,2019,10120,150,0,0,74467
1,2021,10120,150,0,0,0
1,2017,10120,160,0,0,468880
1,2019,10120,160,0,17537,0
1,2021,10120,160,0,0,0
1,2017,10120,170,0,0,525305
1,2019,10120,170,0,0,81596
1,2021,10120,170,0,0,0
1,2017,10120,180,0,0,319038
1,2019,10120,180,20270,0,138389
1,2021,10120,180,0,0,0
1,2017,10120,190,0,0,495317
1,2019,10120,190,24926,19971,647784
1,2021,10120,190,0,0,25499
1,2017,10120,200,0,0,133837
1,2019,10120,200,0,0,379333
1,2021,10120,200,0,0,0
1,2017,10120,210,0,8576,60934
1,2019,10120,210,52524,38165,355198
1,2021,10120,210,0,0,0
1,2017,10120,220,0,0,22509
1,2019,10120,220,51871,16797,756679
1,2021,10120,220,0,0,161133
1,2017,10120,230,0,0,131644
1,2019,10120,230,71455,107483,658004
1,2021,10120,230,0,0,23339
1,2017,10120,240,8576,0,128774
1,2019,10120,240,207515,93815,516642
1,2021,10120,240,0,0,152147
1,2017,10120,250,0,0,196496
1,2019,10120,250,234847,213323,695199
1,2021,10120,250,0,0,148883
1,2017,10120,260,0,22556,289278
1,2019,10120,260,231848,94513,1207513
1,2021,10120,260,0,0,408008
1,2017,10120,270,43337,0,265399
1,2019,10120,270,209153,86118,1159766
1,2021,10120,270,0,0,863712
1,2017,10120,280,27995,0,406778
1,2019,10120,280,111130,197732,1105902
1,2021,10120,280,0,0,805072
1,2017,10120,290,0,0,262206
1,2019,10120,290,185028,233106,1280987
1,2021,10120,290,0,0,1119398
1,2017,10120,300,0,55989,346393
1,2019,10120,300,106810,153418,1444906
1,2021,10120,300,0,0,735836
1,2017,10120,310,52905,27995,306212
1,2019,10120,310,99799,176479,1225048
1,2021,10120,310,0,0,939072
1,2017,10120,320,76495,26598,521529
1,2019,10120,320,74210,159839,881180
1,2021,10120,320,0,0,724066
1,2017,10120,330,21693,57964,440732
1,2019,10120,330,42657,55341,933659
1,2021,10120,330,0,0,1226381
1,2017,10120,340,55095,27995,644540
1,2019,10120,340,57311,18190,1242353
1,2021,10120,340,0,0,1887921
1,2017,10120,350,40379,46081,792479
1,2019,10120,350,158764,110785,1230930
1,2021,10120,350,0,0,2169351
1,2017,10120,360,21606,0,1013474
1,2019,10120,360,190539,103444,1415372
1,2021,10120,360,0,0,2573203
1,2017,10120,370,92613,27995,1154492
1,2019,10120,370,295729,198864,1603934
1,2021,10120,370,0,0,3456873
1,2017,10120,380,105056,49601,1290388
1,2019,10120,380,507294,122671,2169948
1,2021,10120,380,0,0,3737818
1,2017,10120,390,200987,48309,1884811
1,2019,10120,390,560011,215975,1636364
1,2021,10120,390,0,0,3911715
1,2017,10120,400,254774,69650,2047860
1,2019,10120,400,332450,373484,2271246
1,2021,10120,400,0,0,3910927
1,2017,10120,410,227660,124550,1817434
1,2019,10120,410,386271,639911,1926197
1,2021,10120,410,0,0,3548208
1,2017,10120,420,144339,115802,1893363
1,2019,10120,420,355045,469889,1765709
1,2021,10120,420,0,0,5198576
1,2017,10120,430,301019,260128,1805492
1,2019,10120,430,285888,310984,1743935
1,2021,10120,430,0,0,4486681
1,2017,10120,440,379887,156649,2542207
1,2019,10120,440,260622,188623,1686496
1,2021,10120,440,0,0,4898322
1,2017,10120,450,371448,313412,2662620
1,2019,10120,450,298874,218543,1300372
1,2021,10120,450,0,0,4332238
1,2017,10120,460,401995,328103,2413252
1,2019,10120,460,128531,235902,1491222
1,2021,10120,460,0,0,4692118
1,2017,10120,470,444283,529475,2914703
1,2019,10120,470,130145,198203,1580333
1,2021,10120,470,0,0,3845656
1,2017,10120,480,535707,333437,3079372
1,2019,10120,480,505597,96185,1750581
1,2021,10120,480,0,0,3698800
1,2017,10120,490,307800,311906,3353652
1,2019,10120,490,304008,67029,1566993
1,2021,10120,490,0,0,3729292
1,2017,10120,500,552821,277603,2561941
1,2019,10120,500,421927,120792,1905204
1,2021,10120,500,0,0,3345998
1,2017,10120,510,534590,406924,2839069
1,2019,10120,510,321560,148261,1935578
1,2021,10120,510,0,0,3631478
1,2017,10120,520,562042,223461,2771142
1,2019,10120,520,388104,257830,1516010
1,2021,10120,520,0,0,2684290
1,2017,10120,530,378413,139378,2894313
1,2019,10120,530,542844,177152,3012502
1,2021,10120,530,0,0,3331430
1,2017,10120,540,435928,277964,2587083
1,2019,10120,540,635435,225169,2593646
1,2021,10120,540,0,0,3313126
1,2017,10120,550,392125,139548,2555712
1,2019,10120,550,420387,299035,2408786
1,2021,10120,550,0,0,3067756
1,2017,10120,560,405955,207637,1719253
1,2019,10120,560,450077,276656,2054825
1,2021,10120,560,0,0,2916358
1,2017,10120,570,385039,183457,1886252
1,2019,10120,570,481272,164330,2816014
1,2021,10120,570,0,0,2721739
1,2017,10120,580,175815,145929,2081305
1,2019,10120,580,332996,275108,2622515
1,2021,10120,580,0,0,3016095
1,2017,10120,590,285075,166086,1282969
1,2019,10120,590,456242,209407,2405114
1,2021,10120,590,0,0,2640034
1,2017,10120,600,287658,97236,1454841
1,2019,10120,600,367176,167840,2368802
1,2021,10120,600,0,0,2652903
1,2017,10120,610,192798,125033,1153406
1,2019,10120,610,261601,294930,2195927
1,2021,10120,610,0,0,2747776
1,2017,10120,620,327532,38407,1525031
1,2019,10120,620,260842,168708,1949999
1,2021,10120,620,0,0,1995867
1,2017,10120,630,182556,52483,1419832
1,2019,10120,630,341959,229567,1805840
1,2021,10120,630,0,0,2508677
1,2017,10120,640,195423,84924,1183414
1,2019,10120,640,233314,169054,1810022
1,2021,10120,640,0,0,2320578
1,2017,10120,650,141826,31109,1244078
1,2019,10120,650,434344,190043,1793976
1,2021,10120,650,0,0,2466003
1,2017,10120,660,304197,63159,1106620
1,2019,10120,660,268541,47654,1454805
1,2021,10120,660,0,0,2355216
1,2017,10120,670,134213,71058,1666075
1,2019,10120,670,96622,136647,1151401
1,2021,10120,670,0,0,2048752
1,2017,10120,680,245080,66206,1229289
1,2019,10120,680,165078,68635,889233
1,2021,10120,680,0,0,1773492
1,2017,10120,690,186509,110297,1338484
1,2019,10120,690,383263,7940,1108662
1,2021,10120,690,0,0,1760372
1,2017,10120,700,156082,64181,1166453
1,2019,10120,700,143622,45597,1190123
1,2021,10120,700,0,0,1534187
1,2017,10120,710,189934,46501,1335536
1,2019,10120,710,153636,55672,1364986
1,2021,10120,710,0,0,1241659
1,2017,10120,720,220670,12156,1304720
1,2019,10120,720,96803,98479,1014098
1,2021,10120,720,0,0,1228167
1,2017,10120,730,231317,84375,1250273
1,2019,10120,730,190864,130310,857777
1,2021,10120,730,0,0,1519892
1,2017,10120,740,158598,69432,1029604
1,2019,10120,740,203446,72661,1153441
1,2021,10120,740,0,0,1251265
1,2017,10120,750,238656,154341,839591
1,2019,10120,750,76740,59831,679064
1,2021,10120,750,0,0,1235954
1,2017,10120,760,142540,93963,1170108
1,2019,10120,760,259961,77767,929506
1,2021,10120,760,12470,0,764983
1,2017,10120,770,137666,102492,561363
1,2019,10120,770,129471,159818,715029
1,2021,10120,770,0,0,925782
1,2017,10120,780,199510,46772,1087834
1,2019,10120,780,215325,46831,561257
1,2021,10120,780,0,0,721926
1,2017,10120,790,256271,61322,1159044
1,2019,10120,790,149881,109573,411643
1,2021,10120,790,0,0,746705
1,2017,10120,800,70187,134525,624256
1,2019,10120,800,239758,41267,607584
1,2021,10120,800,0,38877,801330
1,2017,10120,810,38369,108330,940185
1,2019,10120,810,141040,31968,476722
1,2021,10120,810,0,0,619510
1,2017,10120,820,34967,134522,737188
1,2019,10120,820,50999,142677,559312
1,2021,10120,820,0,0,609370
1,2017,10120,830,15268,116144,719609
1,2019,10120,830,173300,66920,542681
1,2021,10120,830,0,0,549281
1,2017,10120,840,26483,85853,459685
1,2019,10120,840,47221,91527,382045
1,2021,10120,840,0,0,546002
1,2017,10120,850,51187,94174,476411
1,2019,10120,850,81209,28851,441908
1,2021,10120,850,0,0,317212
1,2017,10120,860,26474,62795,418949
1,2019,10120,860,53793,43798,162515
1,2021,10120,860,0,0,237480
1,2017,10120,870,0,150627,539348
1,2019,10120,870,15837,27115,371318
1,2021,10120,870,0,0,84907
1,2017,10120,880,16785,73554,573004
1,2019,10120,880,30270,46934,290037
1,2021,10120,880,0,0,263298
1,2017,10120,890,61132,10545,270745
1,2019,10120,890,9702,57552,225349
1,2021,10120,890,0,0,192173
1,2017,10120,900,18880,81911,215542
1,2019,10120,900,0,12362,231259
1,2021,10120,900,0,0,407959
1,2017,10120,910,0,20288,227306
1,2019,10120,910,15603,27440,321740
1,2021,10120,910,0,0,159975
1,2017,10120,920,16785,15208,175649
1,2019,10120,920,41100,0,151907
1,2021,10120,920,0,0,158500
1,2017,10120,930,0,12224,170192
1,2019,10120,930,0,50723,89436
1,2021,10120,930,0,0,215923
1,2017,10120,940,0,46446,116945
1,2019,10120,940,13284,33467,131366
1,2021,10120,940,0,0,121017
1,2017,10120,950,0,46776,69932
1,2019,10120,950,0,59643,98582
1,2021,10120,950,0,0,169905
1,2017,10120,960,0,66703,138637
1,2019,10120,960,0,33921,107430
1,2021,10120,960,0,0,193452
1,2017,10120,970,0,39076,33576
1,2019,10120,970,0,42768,83969
1,2021,10120,970,0,0,68787
1,2017,10120,980,0,36271,221062
1,2019,10120,980,0,25519,95407
1,2021,10120,980,0,0,167369
1,2017,10120,990,0,21361,51383
1,2019,10120,990,0,0,23817
1,2021,10120,990,0,0,168814
1,2017,10120,1000,0,36982,11961
1,2019,10120,1000,0,10384,36649
1,2021,10120,1000,0,0,67539
1,2017,10120,1010,0,41720,38348
1,2019,10120,1010,0,50004,95913
1,2021,10120,1010,0,0,83605
1,2017,10120,1020,0,11961,40846
1,2019,10120,1020,0,48272,35462
1,2021,10120,1020,0,0,15244
1,2017,10120,1030,0,0,18830
1,2019,10120,1030,0,18580,144881
1,2021,10120,1030,0,0,0
1,2017,10120,1040,0,0,89689
1,2019,10120,1040,0,17942,54028
1,2021,10120,1040,0,0,20902
1,2017,10120,1050,0,0,54554
1,2019,10120,1050,0,64889,28604
1,2021,10120,1050,0,0,99118
1,2017,10120,1060,0,91371,99543
1,2019,10120,1060,0,48471,19449
1,2021,10120,1060,0,0,89704
1,2017,10120,1070,0,17905,168519
1,2019,10120,1070,0,12955,120873
1,2021,10120,1070,0,0,21872
1,2017,10120,1080,0,0,38887
1,2019,10120,1080,0,0,17731
1,2021,10120,1080,0,0,35111
1,2017,10120,1090,0,0,35350
1,2019,10120,1090,0,19975,10235
1,2021,10120,1090,0,0,73488
1,2017,10120,1100,0,0,22355
1,2019,10120,1100,0,0,44922
1,2021,10120,1100,0,0,51730
1,2017,10120,1110,0,0,51631
1,2019,10120,1110,0,0,16367
1,2021,10120,1110,0,0,43084
1,2017,10120,1120,0,15187,0
1,2019,10120,1120,0,0,55448
1,2021,10120,1120,0,0,32002
1,2017,10120,1130,0,0,92381
1,2019,10120,1130,0,34811,28307
1,2021,10120,1130,0,0,23661
1,2017,10120,1140,0,0,59561
1,2019,10120,1140,0,0,17694
1,2021,10120,1140,0,0,0
1,2017,10120,1150,0,0,0
1,2019,10120,1150,0,23109,30457
1,2021,10120,1150,0,0,0
1,2017,10120,1160,0,0,31308
1,2019,10120,1160,0,0,70548
1,2021,10120,1160,0,0,0
1,2017,10120,1170,0,0,0
1,2019,10120,1170,0,0,81661
1,2021,10120,1170,0,0,0
1,2017,10120,1180,0,0,27145
1,2019,10120,1180,0,19288,0
1,2021,10120,1180,0,0,0
1,2017,10120,1190,0,0,0
1,2019,10120,1190,0,0,0
1,2021,10120,1190,0,0,35679
1,2017,10120,1200,0,0,44942
1,2019,10120,1200,0,0,61872
1,2021,10120,1200,0,0,0
1,2017,10120,1210,54286,11961,41087
1,2019,10120,1210,0,0,15411
1,2021,10120,1210,0,0,0
1,2017,10120,1220,0,21517,0
1,2019,10120,1220,0,0,25104
1,2021,10120,1220,0,0,18384
1,2017,10120,1230,0,0,26435
1,2019,10120,1230,0,30270,29497
1,2021,10120,1230,0,0,0
1,2017,10120,1240,0,0,0
1,2019,10120,1240,0,0,35811
1,2021,10120,1240,0,0,0
1,2017,10120,1250,0,0,42860
1,2019,10120,1250,19674,19971,102732
1,2021,10120,1250,0,0,19021
1,2017,10120,1260,0,0,33829
1,2019,10120,1260,0,0,0
1,2021,10120,1260,0,0,0
1,2017,10120,1270,0,0,55322
1,2019,10120,1270,0,0,0
1,2021,10120,1270,0,0,9309
1,2017,10120,1280,0,0,29439
1,2019,10120,1280,0,0,0
1,2021,10120,1280,0,0,0
1,2017,10120,1290,0,0,0
1,2019,10120,1290,0,0,21335
1,2021,10120,1290,0,0,29351
1,2017,10120,1300,0,0,0
1,2019,10120,1300,0,17866,27845
1,2021,10120,1300,0,0,107655
1,2017,10120,1310,0,0,0
1,2019,10120,1310,0,0,52861
1,2021,10120,1310,0,0,24607
1,2017,10120,1320,0,0,0
1,2019,10120,1320,0,0,37373
1,2021,10120,1320,0,0,0
1,2017,10120,1330,0,0,0
1,2019,10120,1330,0,0,0
1,2021,10120,1330,0,0,0
1,2017,10120,1340,0,0,0
1,2019,10120,1340,0,0,0
1,2021,10120,1340,0,0,0
1,2017,10120,1350,0,0,44278
1,2019,10120,1350,0,0,0
1,2021,10120,1350,0,0,0
1,2017,10120,1360,0,0,0
1,2019,10120,1360,0,0,0
1,2021,10120,1360,0,0,0
1,2017,10120,1370,0,0,0
1,2019,10120,1370,0,0,0
1,2021,10120,1370,0,0,24455
1,2017,10120,1380,0,0,0
1,2019,10120,1380,0,0,0
1,2021,10120,1380,0,0,0
1,2017,10120,1390,0,0,45846
1,2019,10120,1390,0,0,0
1,2021,10120,1390,0,0,0
1,2017,10120,1400,0,0,0
1,2019,10120,1400,0,0,0
1,2021,10120,1400,0,0,42756
1,2017,10120,1410,0,0,0
1,2019,10120,1410,0,0,0
1,2021,10120,1410,0,0,0
1,2017,10120,1420,0,0,0
1,2019,10120,1420,0,0,0
1,2021,10120,1420,0,0,0
1,2017,10120,1430,0,0,0
1,2019,10120,1430,0,0,0
1,2021,10120,1430,0,0,0
1,2017,10120,1440,0,0,0
1,2019,10120,1440,0,0,0
1,2021,10120,1440,0,0,0
1,2017,10120,1450,0,0,0
1,2019,10120,1450,0,0,0
1,2021,10120,1450,0,0,27948
1,2017,10120,1460,0,0,0
1,2019,10120,1460,0,0,0
1,2021,10120,1460,0,0,0
1,2017,10120,1470,0,0,0
1,2019,10120,1470,0,0,0
1,2021,10120,1470,0,0,0
1,2017,10120,1480,0,0,0
1,2019,10120,1480,0,0,0
1,2021,10120,1480,0,0,0
1,2017,10120,1490,0,0,0
1,2019,10120,1490,0,0,0
1,2021,10120,1490,0,0,0
1,2017,10120,1500,0,0,0
1,2019,10120,1500,0,0,0
1,2021,10120,1500,0,0,0
1,2017,10120,1510,0,0,0
1,2019,10120,1510,0,0,23109
1,2021,10120,1510,0,0,0
1,2017,10120,1520,0,0,0
1,2019,10120,1520,0,0,0
1,2021,10120,1520,0,0,0
1,2017,10120,1530,0,0,0
1,2019,10120,1530,0,0,0
1,2021,10120,1530,0,0,0
1,2017,10120,1540,0,0,27529
1,2019,10120,1540,0,0,52435
1,2021,10120,1540,0,0,0
1,2017,10120,1550,0,0,0
1,2019,10120,1550,0,0,0
1,2021,10120,1550,0,0,0
1,2017,10120,1560,0,0,0
1,2019,10120,1560,0,0,0
1,2021,10120,1560,0,0,0
1,2017,10120,1570,0,0,0
1,2019,10120,1570,0,0,0
1,2021,10120,1570,0,0,0
1,2017,10120,1580,0,0,0
1,2019,10120,1580,0,0,0
1,2021,10120,1580,0,0,0
1,2017,10120,1590,0,0,0
1,2019,10120,1590,0,0,0
1,2021,10120,1590,0,0,0
1,2017,10120,1600,0,0,0
1,2019,10120,1600,0,0,0
1,2021,10120,1600,0,0,0
1,2017,10120,1610,0,0,0
1,2019,10120,1610,0,0,0
1,2021,10120,1610,0,0,0
1,2017,10120,1620,0,0,0
1,2019,10120,1620,0,0,0
1,2021,10120,1620,0,0,0
1,2017,10120,1630,0,0,0
1,2019,10120,1630,0,0,0
1,2021,10120,1630,0,0,0
1,2017,10120,1640,0,0,21137
1,2019,10120,1640,0,0,0
1,2021,10120,1640,0,0,0
1,2017,10120,1650,0,0,0
1,2019,10120,1650,0,0,0
1,2021,10120,1650,0,0,0
1,2017,10120,1660,0,0,0
1,2019,10120,1660,0,0,0
1,2021,10120,1660,0,0,0
1,2017,10120,1670,0,0,0
1,2019,10120,1670,0,0,0
1,2021,10120,1670,0,0,0
1,2017,10120,1680,0,0,0
1,2019,10120,1680,0,0,0
1,2021,10120,1680,0,0,0
1,2017,10120,1690,0,0,0
1,2019,10120,1690,0,0,0
1,2021,10120,1690,0,0,0
1,2017,10120,1700,0,0,0
1,2019,10120,1700,0,0,0
1,2021,10120,1700,0,0,0
1,2017,10120,1710,0,0,0
1,2019,10120,1710,0,0,0
1,2021,10120,1710,0,0,0
1,2017,10120,1720,0,0,0
1,2019,10120,1720,0,0,0
1,2021,10120,1720,0,22283,0
1,2017,10120,1730,0,0,0
1,2019,10120,1730,0,0,0
1,2021,10120,1730,0,0,0
1,2017,10120,1740,0,0,0
1,2019,10120,1740,0,0,0
1,2021,10120,1740,0,0,0
1,2017,10120,1750,0,0,0
1,2019,10120,1750,0,0,0
1,2021,10120,1750,0,0,0
1,2017,10120,1760,0,0,0
1,2019,10120,1760,0,0,0
1,2021,10120,1760,0,0,0
1,2017,10120,1770,0,0,0
1,2019,10120,1770,0,0,0
1,2021,10120,1770,0,0,0
1,2017,10120,1780,0,0,0
1,2019,10120,1780,0,0,0
1,2021,10120,1780,0,0,0
1,2017,10120,1790,0,0,0
1,2019,10120,1790,0,0,0
1,2021,10120,1790,0,0,0
1,2017,10120,1800,0,0,0
1,2019,10120,1800,0,0,0
1,2021,10120,1800,0,0,0
1,2017,10120,1810,0,0,0
1,2019,10120,1810,0,0,0
1,2021,10120,1810,0,0,0
1,2017,10120,1820,0,0,0
1,2019,10120,1820,0,0,0
1,2021,10120,1820,0,0,0
1,2017,10120,1830,0,0,0
1,2019,10120,1830,0,0,0
1,2021,10120,1830,0,0,0
1,2017,10120,1840,0,0,0
1,2019,10120,1840,0,0,0
1,2021,10120,1840,0,0,0
1,2017,10120,1850,0,0,0
1,2019,10120,1850,0,0,0
1,2021,10120,1850,0,0,0
1,2017,10120,1860,0,0,0
1,2019,10120,1860,0,0,0
1,2021,10120,1860,0,0,0
1,2017,10120,1870,0,0,0
1,2019,10120,1870,0,0,0
1,2021,10120,1870,0,0,0
1,2017,10120,1880,0,0,0
1,2019,10120,1880,0,0,0
1,2021,10120,1880,0,0,0
1,2017,10120,1890,0,0,0
1,2019,10120,1890,0,0,0
1,2021,10120,1890,0,0,0
1,2017,10120,1900,0,0,0
1,2019,10120,1900,0,0,0
1,2021,10120,1900,0,0,0
1,2017,10120,1910,0,0,0
1,2019,10120,1910,0,0,0
1,2021,10120,1910,0,0,0
1,2017,10120,1920,0,0,0
1,2019,10120,1920,0,0,0
1,2021,10120,1920,0,0,0
1,2017,10120,1930,0,0,0
1,2019,10120,1930,0,0,0
1,2021,10120,1930,0,0,0
1,2017,10120,1940,0,0,0
1,2019,10120,1940,0,0,0
1,2021,10120,1940,0,0,0
1,2017,10120,1950,0,0,0
1,2019,10120,1950,0,0,0
1,2021,10120,1950,0,0,0
1,2017,10120,1960,0,0,0
1,2019,10120,1960,0,0,0
1,2021,10120,1960,0,0,0
1,2017,10120,1970,0,0,0
1,2019,10120,1970,0,0,0
1,2021,10120,1970,0,0,0
1,2017,10120,1980,0,0,0
1,2019,10120,1980,0,0,0
1,2021,10120,1980,0,0,0
1,2017,10120,1990,0,0,0
1,2019,10120,1990,0,0,0
1,2021,10120,1990,0,0,0
1,2017,10120,2000,0,0,0
1,2019,10120,2000,0,0,0
1,2021,10120,2000,0,0,0
1,2017,10120,2010,0,0,0
1,2019,10120,2010,0,0,0
1,2021,10120,2010,0,0,0
1,2017,10120,2020,0,0,0
1,2019,10120,2020,0,0,0
1,2021,10120,2020,0,0,0
1,2017,10120,2040,0,0,0
1,2019,10120,2040,0,0,0
1,2021,10120,2040,0,0,0
1,2017,10120,2050,0,0,0
1,2019,10120,2050,0,0,0
1,2021,10120,2050,0,0,0
1,2017,10120,2060,0,0,0
1,2019,10120,2060,0,0,0
1,2021,10120,2060,0,0,0
1,2017,10120,2070,0,0,0
1,2019,10120,2070,0,0,0
1,2021,10120,2070,0,0,0
1,2017,10120,2100,0,0,0
1,2019,10120,2100,0,0,0
1,2021,10120,2100,0,0,0
1,2017,10120,2110,0,0,0
1,2019,10120,2110,0,0,0
1,2021,10120,2110,0,0,0
1,2017,10120,2120,0,0,0
1,2019,10120,2120,0,0,0
1,2021,10120,2120,0,0,0
1,2017,10120,2150,0,0,0
1,2019,10120,2150,0,0,0
1,2021,10120,2150,0,0,0
1,2017,10120,2160,0,0,0
1,2019,10120,2160,0,0,0
1,2021,10120,2160,0,0,0
1,2017,10120,2200,0,0,0
1,2019,10120,2200,0,0,0
1,2021,10120,2200,0,0,0
1,2017,10120,2300,0,0,0
1,2019,10120,2300,0,0,0
1,2021,10120,2300,0,0,0
1,2017,10130,40,0,0,0
1,2019,10130,40,0,0,0
1,2021,10130,40,0,0,0
1,2017,10130,50,0,0,41471
1,2019,10130,50,0,0,0
1,2021,10130,50,0,0,0
1,2017,10130,60,0,0,271222
1,2019,10130,60,17439,0,0
1,2021,10130,60,0,0,75210
1,2017,10130,70,0,0,694257
1,2019,10130,70,0,0,409015
1,2021,10130,70,112829,19459,351302
1,2017,10130,80,21714,0,827624
1,2019,10130,80,44979,0,144744
1,2021,10130,80,120624,155134,1305163
1,2017,10130,90,87530,0,1159990
1,2019,10130,90,0,0,301940
1,2021,10130,90,303410,17857,1093488
1,2017,10130,100,47536,426660,1178692
1,2019,10130,100,119434,18788,631750
1,2021,10130,100,541852,512786,890168
1,2017,10130,110,238941,244056,958891
1,2019,10130,110,611353,84967,1525688
1,2021,10130,110,1049465,1181243,1117257
1,2017,10130,120,815658,886348,945688
1,2019,10130,120,455043,471893,1436764
1,2021,10130,120,1329122,1124837,1184655
1,2017,10130,130,948065,1146944,925354
1,2019,10130,130,2196031,1160035,2216716
1,2021,10130,130,1476304,969202,686844
1,2017,10130,140,3324713,1413872,984104
1,2019,10130,140,1801464,2000056,678648
1,2021,10130,140,936337,1174105,57845
1,2017,10130,150,3330939,3614374,427224
1,2019,10130,150,3765293,1461395,543116
1,2021,10130,150,802217,359215,0
1,2017,10130,160,2551039,3865983,50261
1,2019,10130,160,2948359,2282613,229519
1,2021,10130,160,959398,984642,0
1,2017,10130,170,1532918,3607501,261432
1,2019,10130,170,5529207,4704275,15573
1,2021,10130,170,2436768,1313830,0
1,2017,10130,180,2689323,4224635,35744
1,2019,10130,180,7222852,4403562,148508
1,2021,10130,180,3016100,2356072,0
1,2017,10130,190,5441214,3030813,184905
1,2019,10130,190,8753945,6973834,101223
1,2021,10130,190,4893633,3208992,0
1,2017,10130,200,7622921,5692437,0
1,2019,10130,200,12004556,8237871,0
1,2021,10130,200,5543449,4743880,0
1,2017,10130,210,9334663,5938144,102058
1,2019,10130,210,11354931,7474408,297017
1,2021,10130,210,7790901,6217264,0
1,2017,10130,220,11961917,9238358,35744
1,2019,10130,220,13550822,7852432,148508
1,2021,10130,220,9556424,7305072,0
1,2017,10130,230,13766323,7953166,73063
1,2019,10130,230,12515861,7465683,222763
1,2021,10130,230,12535095,10732625,0
1,2017,10130,240,16693861,10199076,108807
1,2019,10130,240,13670494,8457025,74254
1,2021,10130,240,15274904,10347736,0
1,2017,10130,250,21596898,14311008,73063
1,2019,10130,250,13786218,8266433,315704
1,2021,10130,250,14429467,12618216,0
1,2017,10130,260,25847013,11155293,73063
1,2019,10130,260,14614318,9386686,371271
1,2021,10130,260,17312636,12719184,0
1,2017,10130,270,27707113,15696994,73063
1,2019,10130,270,20546612,10805201,297017
1,2021,10130,270,18782301,10223263,0
1,2017,10130,280,28562530,15910517,292252
1,2019,10130,280,22119495,10165086,148508
1,2021,10130,280,20298429,10813564,0
1,2017,10130,290,33602046,14724421,219189
1,2019,10130,290,25264428,14528091,148508
1,2021,10130,290,20742645,9749295,0
1,2017,10130,300,35252476,17537161,219189
1,2019,10130,300,36787044,14401462,445525
1,2021,10130,300,21160596,11103773,0
1,2017,10130,310,35099212,17102415,365315
1,2019,10130,310,31067576,15580500,148508
1,2021,10130,310,30551042,11729513,0
1,2017,10130,320,32595096,20410503,219189
1,2019,10130,320,27475098,15835876,222763
1,2021,10130,320,25766112,14816775,0
1,2017,10130,330,34681360,16312836,146126
1,2019,10130,330,26666624,15738531,519780
1,2021,10130,330,22392937,16015545,0
1,2017,10130,340,29121414,16768919,0
1,2019,10130,340,20401100,15821973,742542
1,2021,10130,340,17807662,18235891,0
1,2017,10130,350,20323951,18547611,73063
1,2019,10130,350,17486726,16075869,297017
1,2021,10130,350,15286718,16948048,0
1,2017,10130,360,14299015,16443425,0
1,2019,10130,360,13069265,13880616,297017
1,2021,10130,360,10091375,18632354,0
1,2017,10130,370,10334521,18153172,0
1,2019,10130,370,7427238,14093384,297017
1,2021,10130,370,6905769,17212751,0
1,2017,10130,380,5393899,18444233,0
1,2019,10130,380,5011643,13205919,74254
1,2021,10130,380,5145344,15187171,0
1,2017,10130,390,3527127,14006337,0
1,2019,10130,390,2267413,10362001,0
1,2021,10130,390,3924922,12571945,0
1,2017,10130,400,1813832,13510559,0
1,2019,10130,400,2205216,8882558,74254
1,2021,10130,400,2381255,9617223,0
1,2017,10130,410,731956,12139740,0
1,2019,10130,410,1113755,7149663,74254
1,2021,10130,410,1954421,6871204,0
1,2017,10130,420,622336,8740976,0
1,2019,10130,420,839682,4472013,74254
1,2021,10130,420,1613318,5359574,0
1,2017,10130,430,400247,5993590,0
1,2019,10130,430,247509,3110699,74254
1,2021,10130,430,615530,3085694,0
1,2017,10130,440,150238,4084326,0
1,2019,10130,440,148515,3072241,74254
1,2021,10130,440,255384,2941831,0
1,2017,10130,450,55892,3603139,0
1,2019,10130,450,158905,2190317,0
1,2021,10130,450,83118,1907676,0
1,2017,10130,460,50952,2657852,0
1,2019,10130,460,55377,1956520,0
1,2021,10130,460,137440,1488585,0
1,2017,10130,470,0,2299955,0
1,2019,10130,470,0,1139698,0
1,2021,10130,470,50047,1216231,0
1,2017,10130,480,0,965778,0
1,2019,10130,480,33295,1309661,0
1,2021,10130,480,0,1344320,0
1,2017,10130,490,0,770541,0
1,2019,10130,490,0,1040132,0
1,2021,10130,490,0,798163,0
1,2017,10130,500,0,574612,0
1,2019,10130,500,25798,550748,0
1,2021,10130,500,0,320520,0
1,2017,10130,510,0,233015,0
1,2019,10130,510,0,210977,0
1,2021,10130,510,0,262339,0
1,2017,10130,520,0,97636,0
1,2019,10130,520,0,81854,0
1,2021,10130,520,0,44571,0
1,2017,10130,530,0,35744,0
1,2019,10130,530,0,40805,0
1,2021,10130,530,0,24971,0
1,2017,10130,540,0,51434,0
1,2019,10130,540,0,0,0
1,2021,10130,540,0,30340,0
1,2017,10130,550,0,0,0
1,2019,10130,550,0,0,0
1,2021,10130,550,0,0,0
1,2017,10130,560,0,0,0
1,2019,10130,560,0,0,0
1,2021,10130,560,0,0,0
1,2017,10130,570,0,0,0
1,2019,10130,570,0,0,0
1,2021,10130,570,0,0,0
1,2017,10130,580,0,0,0
1,2019,10130,580,0,0,0
1,2021,10130,580,0,0,0
1,2017,10130,590,0,0,0
1,2019,10130,590,0,0,0
1,2021,10130,590,0,0,0
1,2017,10130,620,0,0,0
1,2019,10130,620,0,0,0
1,2021,10130,620,0,0,0
1,2017,10130,690,0,0,0
1,2019,10130,690,0,0,0
1,2021,10130,690,0,0,0
1,2017,10130,700,0,0,0
1,2019,10130,700,0,0,0
1,2021,10130,700,0,0,0
1,2017,10130,710,0,0,0
1,2019,10130,710,0,0,0
1,2021,10130,710,0,0,0
1,2017,10200,40,0,0,0
1,2019,10200,40,0,0,0
1,2021,10200,40,0,0,0
1,2017,10200,50,0,0,0
1,2019,10200,50,0,0,0
1,2021,10200,50,0,0,0
1,2017,10200,60,0,0,0
1,2019,10200,60,0,0,0
1,2021,10200,60,0,0,0
1,2017,10200,70,0,0,0
1,2019,10200,70,0,0,17059
1,2021,10200,70,0,0,0
1,2017,10200,80,0,0,93056
1,2019,10200,80,0,0,68452
1,2021,10200,80,0,0,0
1,2017,10200,90,0,0,166160
1,2019,10200,90,0,0,194190
1,2021,10200,90,27667,41878,18137
1,2017,10200,100,44640,44640,125638
1,2019,10200,100,0,0,77663
1,2021,10200,100,19459,47519,69947
1,2017,10200,110,0,30369,381444
1,2019,10200,110,0,35429,70972
1,2021,10200,110,208483,0,90855
1,2017,10200,120,23929,79484,518553
1,2019,10200,120,45166,15917,33295
1,2021,10200,120,62612,16575,40565
1,2017,10200,130,116879,138438,1082530
1,2019,10200,130,181539,239841,204263
1,2021,10200,130,110557,165161,30001
1,2017,10200,140,95639,611653,1255362
1,2019,10200,140,609901,549822,131860
1,2021,10200,140,216778,228219,0
1,2017,10200,150,667723,337829,749647
1,2019,10200,150,401116,829024,164284
1,2021,10200,150,470536,455660,0
1,2017,10200,160,903900,639094,482146
1,2019,10200,160,745802,527460,136703
1,2021,10200,160,423484,437392,0
1,2017,10200,170,803326,982995,352466
1,2019,10200,170,1250815,665850,69187
1,2021,10200,170,1272203,828996,0
1,2017,10200,180,1156205,1480346,607001
1,2019,10200,180,1966578,1549545,133943
1,2021,10200,180,977822,707900,0
1,2017,10200,190,1684659,1877374,245913
1,2019,10200,190,3276164,3591411,258439
1,2021,10200,190,1804582,994854,0
1,2017,10200,200,1519746,1723857,214831
1,2019,10200,200,3700813,3060552,90895
1,2021,10200,200,2206618,1387621,15505
1,2017,10200,210,1468806,1940505,206947
1,2019,10200,210,4420898,3927624,255137
1,2021,10200,210,2898026,2084910,0
1,2017,10200,220,1942625,2645437,29199
1,2019,10200,220,5162279,3249005,0
1,2021,10200,220,6273974,3057239,0
1,2017,10200,230,2243670,2769792,0
1,2019,10200,230,6374924,3748073,0
1,2021,10200,230,5589793,3240542,0
1,2017,10200,240,2245098,2452650,0
1,2019,10200,240,6659009,4094211,0
1,2021,10200,240,6581548,3392073,0
1,2017,10200,250,1828725,2103713,0
1,2019,10200,250,6909694,5106432,0
1,2021,10200,250,7301100,3667754,0
1,2017,10200,260,2327706,1933290,0
1,2019,10200,260,7830625,5497175,0
1,2021,10200,260,9443367,5352051,0
1,2017,10200,270,2225695,1903472,0
1,2019,10200,270,8877642,7030423,0
1,2021,10200,270,9505578,6262699,0
1,2017,10200,280,2072916,1582419,0
1,2019,10200,280,9087301,7814573,0
1,2021,10200,280,12166568,6645443,0
1,2017,10200,290,2900590,2698383,0
1,2019,10200,290,9481183,8056370,0
1,2021,10200,290,10532822,9060787,0
1,2017,10200,300,3512044,2965905,0
1,2019,10200,300,9565929,8834735,0
1,2021,10200,300,12997492,9379253,0
1,2017,10200,310,4530259,3628058,11007
1,2019,10200,310,9337944,8663874,0
1,2021,10200,310,13346068,10345170,0
1,2017,10200,320,6417223,3969266,0
1,2019,10200,320,8538109,8111450,0
1,2021,10200,320,14610989,9509498,0
1,2017,10200,330,7281465,5124039,0
1,2019,10200,330,9191609,7864231,0
1,2021,10200,330,15509533,11169333,0
1,2017,10200,340,8605087,4501688,14770
1,2019,10200,340,8546407,7214909,0
1,2021,10200,340,13164153,11399487,0
1,2017,10200,350,9843801,6389745,36784
1,2019,10200,350,6890284,6878789,0
1,2021,10200,350,13968163,10477069,0
1,2017,10200,360,9445490,6411003,29541
1,2019,10200,360,6547085,6217441,0
1,2021,10200,360,10614729,11551318,0
1,2017,10200,370,9513401,7957733,0
1,2019,10200,370,7036506,5933693,0
1,2021,10200,370,9097721,12478779,0
1,2017,10200,380,9031337,6167080,0
1,2019,10200,380,5805630,5918265,0
1,2021,10200,380,8034263,11220685,0
1,2017,10200,390,9950038,6753920,0
1,2019,10200,390,6807662,4523612,0
1,2021,10200,390,7191988,8580034,0
1,2017,10200,400,8592472,6343341,0
1,2019,10200,400,6114212,5280943,0
1,2021,10200,400,6222356,8122698,0
1,2017,10200,410,9041054,6025548,29199
1,2019,10200,410,5037454,4501217,0
1,2021,10200,410,5016528,7133301,0
1,2017,10200,420,6485034,4960259,29541
1,2019,10200,420,3840218,5152907,0
1,2021,10200,420,3281704,5961220,0
1,2017,10200,430,3702704,6021378,0
1,2019,10200,430,2356452,5140414,0
1,2021,10200,430,1975952,5259904,0
1,2017,10200,440,2046482,5917797,14770
1,2019,10200,440,1173202,3882868,0
1,2021,10200,440,1359391,4357489,0
1,2017,10200,450,1051787,5363764,29541
1,2019,10200,450,585412,3432131,0
1,2021,10200,450,471109,3193246,0
1,2017,10200,460,504687,4375587,0
1,2019,10200,460,221867,3096547,0
1,2021,10200,460,612796,3039207,0
1,2017,10200,470,296231,3826335,59081
1,2019,10200,470,304571,2547824,0
1,2021,10200,470,95980,2608048,0
1,2017,10200,480,215457,3533979,29541
1,2019,10200,480,268780,2579887,0
1,2021,10200,480,81080,1784390,0
1,2017,10200,490,52900,2223670,29541
1,2019,10200,490,15553,1491467,0
1,2021,10200,490,96448,1028241,0
1,2017,10200,500,0,1589431,29541
1,2019,10200,500,0,1501597,0
1,2021,10200,500,15308,1261137,0
1,2017,10200,510,0,1334956,14770
1,2019,10200,510,16214,1078472,0
1,2021,10200,510,0,834443,0
1,2017,10200,520,0,756816,0
1,2019,10200,520,0,729114,0
1,2021,10200,520,0,506812,0
1,2017,10200,530,0,847767,14770
1,2019,10200,530,0,252853,0
1,2021,10200,530,0,322411,0
1,2017,10200,540,0,223166,0
1,2019,10200,540,0,146624,0
1,2021,10200,540,0,306392,0
1,2017,10200,550,0,238824,0
1,2019,10200,550,0,188171,0
1,2021,10200,550,0,228271,0
1,2017,10200,560,0,267919,0
1,2019,10200,560,0,88485,0
1,2021,10200,560,0,55423,0
1,2017,10200,570,0,79576,0
1,2019,10200,570,0,64854,0
1,2021,10200,570,0,61567,0
1,2017,10200,580,0,122211,0
1,2019,10200,580,0,37576,0
1,2021,10200,580,0,36968,0
1,2017,10200,590,0,82023,0
1,2019,10200,590,0,55320,0
1,2021,10200,590,0,62370,0
1,2017,10200,600,0,14402,0
1,2019,10200,600,0,18788,0
1,2021,10200,600,0,0,0
1,2017,10200,610,0,11870,0
1,2019,10200,610,0,36487,0
1,2021,10200,610,0,0,0
1,2017,10200,620,0,0,0
1,2019,10200,620,0,0,0
1,2021,10200,620,0,45114,0
1,2017,10200,630,0,0,0
1,2019,10200,630,0,0,0
1,2021,10200,630,0,0,0
1,2017,10200,640,0,0,0
1,2019,10200,640,0,0,0
1,2021,10200,640,0,0,0
1,2017,10200,650,0,0,0
1,2019,10200,650,0,0,0
1,2021,10200,650,0,0,0
1,2017,10200,660,0,0,0
1,2019,10200,660,0,0,0
1,2021,10200,660,0,0,0
1,2017,10200,690,0,0,0
1,2019,10200,690,0,0,0
1,2021,10200,690,0,0,0
1,2017,10200,720,0,0,0
1,2019,10200,720,0,0,0
1,2021,10200,720,0,0,0
1,2017,10200,730,0,0,0
1,2019,10200,730,0,0,0
1,2021,10200,730,0,0,0
1,2017,10200,740,0,0,0
1,2019,10200,740,0,0,0
1,2021,10200,740,0,0,0
1,2017,10200,760,0,0,0
1,2019,10200,760,0,0,0
1,2021,10200,760,0,0,0
1,2017,10200,800,0,0,0
1,2019,10200,800,0,0,0
1,2021,10200,800,0,0,0
1,2017,10262,40,0,0,0
1,2019,10262,40,0,0,0
1,2021,10262,40,0,0,0
1,2017,10262,50,0,0,0
1,2019,10262,50,0,0,0
1,2021,10262,50,0,0,0
1,2017,10262,60,0,0,0
1,2019,10262,60,0,0,0
1,2021,10262,60,0,0,0
1,2017,10262,70,0,0,0
1,2019,10262,70,0,0,0
1,2021,10262,70,0,0,0
1,2017,10262,80,0,0,0
1,2019,10262,80,0,0,0
1,2021,10262,80,0,21395,0
1,2017,10262,90,0,0,0
1,2019,10262,90,0,0,0
1,2021,10262,90,0,0,0
1,2017,10262,100,0,0,0
1,2019,10262,100,0,19436,0
1,2021,10262,100,0,0,0
1,2017,10262,110,0,0,0
1,2019,10262,110,0,0,0
1,2021,10262,110,0,0,0
1,2017,10262,120,53310,107701,0
1,2019,10262,120,0,0,0
1,2021,10262,120,0,35709,0
1,2017,10262,130,54743,51173,0
1,2019,10262,130,17976,35789,0
1,2021,10262,130,0,0,0
1,2017,10262,140,132062,156734,0
1,2019,10262,140,216265,227324,0
1,2021,10262,140,58036,92501,0
1,2017,10262,150,464373,474420,0
1,2019,10262,150,562906,442068,0
1,2021,10262,150,111497,131076,0
1,2017,10262,160,563740,798498,0
1,2019,10262,160,799125,615271,0
1,2021,10262,160,330684,292925,0
1,2017,10262,170,845407,1201155,0
1,2019,10262,170,1081161,1282346,0
1,2021,10262,170,743333,623880,0
1,2017,10262,180,1657590,1195054,0
1,2019,10262,180,933640,930737,0
1,2021,10262,180,621993,726577,0
1,2017,10262,190,1787539,1313254,0
1,2019,10262,190,1990663,1814408,0
1,2021,10262,190,932335,1024729,0
1,2017,10262,200,1981190,1593960,0
1,2019,10262,200,1356121,2099606,21360
1,2021,10262,200,1495150,908755,0
1,2017,10262,210,1754563,2335150,0
1,2019,10262,210,2149723,3054362,0
1,2021,10262,210,2525345,1886832,0
1,2017,10262,220,1726463,2376504,0
1,2019,10262,220,2403147,2286980,0
1,2021,10262,220,3118750,2912569,0
1,2017,10262,230,2639775,1382256,0
1,2019,10262,230,2861964,3257884,0
1,2021,10262,230,3422818,3840264,0
1,2017,10262,240,2245109,2191209,0
1,2019,10262,240,4537684,3912525,0
1,2021,10262,240,4166004,4032173,0
1,2017,10262,250,1669660,2083637,0
1,2019,10262,250,4622749,4665856,0
1,2021,10262,250,4896563,4004567,0
1,2017,10262,260,2148261,1651545,0
1,2019,10262,260,4583508,5460023,0
1,2021,10262,260,5607548,5699278,0
1,2017,10262,270,3140895,2019512,0
1,2019,10262,270,5616499,5352503,0
1,2021,10262,270,6028930,5355451,0
1,2017,10262,280,2307572,1632062,0
1,2019,10262,280,3957495,3573929,0
1,2021,10262,280,6934882,6881874,0
1,2017,10262,290,3465395,2249090,0
1,2019,10262,290,3586591,4083085,0
1,2021,10262,290,6026513,5943643,0
1,2017,10262,300,2841291,3740949,0
1,2019,10262,300,3129512,4133611,0
1,2021,10262,300,7098607,5917533,0
1,2017,10262,310,3690693,3030109,0
1,2019,10262,310,3175194,3605141,0
1,2021,10262,310,8809111,5263794,0
1,2017,10262,320,3782102,3721346,0
1,2019,10262,320,3897610,4202219,0
1,2021,10262,320,8446724,6543444,0
1,2017,10262,330,5251804,4905395,0
1,2019,10262,330,4061830,3722982,0
1,2021,10262,330,6981480,7277695,0
1,2017,10262,340,5235709,3975224,0
1,2019,10262,340,3453194,3535947,0
1,2021,10262,340,5401350,8038309,0
1,2017,10262,350,3760370,4506737,0
1,2019,10262,350,2914818,3997657,0
1,2021,10262,350,4278952,7856813,0
1,2017,10262,360,3861846,4509061,0
1,2019,10262,360,2260604,4430333,0
1,2021,10262,360,2958258,7370786,0
1,2017,10262,370,2711776,5184483,0
1,2019,10262,370,2053466,4311054,0
1,2021,10262,370,2146597,7190945,0
1,2017,10262,380,2529662,5975275,0
1,2019,10262,380,1456047,4187279,0
1,2021,10262,380,2063367,7450002,0
1,2017,10262,390,1207416,7204244,0
1,2019,10262,390,884575,5482383,29335
1,2021,10262,390,1386020,8236799,0
1,2017,10262,400,650995,7404709,0
1,2019,10262,400,684662,5196037,0
1,2021,10262,400,996472,6791176,0
1,2017,10262,410,410803,7702565,0
1,2019,10262,410,295207,6030004,0
1,2021,10262,410,338029,6280010,0
1,2017,10262,420,105165,7323766,0
1,2019,10262,420,186756,5474066,0
1,2021,10262,420,128985,6098582,0
1,2017,10262,430,77975,7058233,0
1,2019,10262,430,14423,6342275,0
1,2021,10262,430,220675,6050449,0
1,2017,10262,440,23039,5980192,0
1,2019,10262,440,208035,5708414,0
1,2021,10262,440,163020,5446633,0
1,2017,10262,450,37868,5060322,0
1,2019,10262,450,55149,4764687,0
1,2021,10262,450,158043,4368311,0
1,2017,10262,460,28044,3492034,0
1,2019,10262,460,22558,3417394,0
1,2021,10262,460,118465,3467926,0
1,2017,10262,470,0,2582600,0
1,2019,10262,470,0,2482288,0
1,2021,10262,470,45782,2744605,0
1,2017,10262,480,0,1960427,0
1,2019,10262,480,17058,1732630,0
1,2021,10262,480,0,2289662,0
1,2017,10262,490,39752,1216159,0
1,2019,10262,490,0,1075160,0
1,2021,10262,490,22441,1677913,0
1,2017,10262,500,0,712579,0
1,2019,10262,500,30457,1071786,0
1,2021,10262,500,0,881850,0
1,2017,10262,510,20374,668779,0
1,2019,10262,510,25791,499839,0
1,2021,10262,510,0,600216,0
1,2017,10262,520,0,254624,0
1,2019,10262,520,0,331975,0
1,2021,10262,520,0,431872,0
1,2017,10262,530,0,67353,0
1,2019,10262,530,0,163348,0
1,2021,10262,530,0,111170,0
1,2017,10262,540,0,78184,0
1,2019,10262,540,0,101727,0
1,2021,10262,540,0,221201,0
1,2017,10262,550,0,39928,0
1,2019,10262,550,0,94111,0
1,2021,10262,550,0,61190,0
1,2017,10262,560,0,26680,0
1,2019,10262,560,0,20008,0
1,2021,10262,560,0,44273,0
1,2017,10262,570,0,0,0
1,2019,10262,570,0,48858,0
1,2021,10262,570,0,20730,0
1,2017,10262,580,0,0,0
1,2019,10262,580,0,14612,0
1,2021,10262,580,0,0,0
1,2017,10262,590,0,0,0
1,2019,10262,590,0,0,0
1,2021,10262,590,0,0,0
1,2017,10262,600,0,0,0
1,2019,10262,600,0,0,0
1,2021,10262,600,0,0,0
1,2017,10262,610,0,0,0
1,2019,10262,610,0,0,0
1,2021,10262,610,0,0,0
1,2017,10262,680,0,0,0
1,2019,10262,680,0,0,0
1,2021,10262,680,0,0,0
1,2017,20510,60,0,0,0
1,2019,20510,60,0,0,0
1,2021,20510,60,0,0,0
1,2017,20510,70,0,0,0
1,2019,20510,70,0,0,0
1,2021,20510,70,0,0,0
1,2017,20510,80,0,0,0
1,2019,20510,80,0,0,0
1,2021,20510,80,0,0,0
1,2017,20510,90,0,0,0
1,2019,20510,90,0,0,0
1,2021,20510,90,0,0,0
1,2017,20510,100,0,0,0
1,2019,20510,100,0,0,0
1,2021,20510,100,0,0,0
1,2017,20510,110,0,0,0
1,2019,20510,110,0,0,0
1,2021,20510,110,0,0,0
1,2017,20510,120,0,0,0
1,2019,20510,120,0,0,0
1,2021,20510,120,0,0,0
1,2017,20510,130,0,0,0
1,2019,20510,130,0,0,0
1,2021,20510,130,0,0,0
1,2017,20510,140,0,0,0
1,2019,20510,140,0,0,0
1,2021,20510,140,0,0,0
1,2017,20510,150,0,0,0
1,2019,20510,150,0,0,0
1,2021,20510,150,0,0,0
1,2017,20510,160,0,0,0
1,2019,20510,160,0,0,0
1,2021,20510,160,0,0,0
1,2017,20510,170,0,0,0
1,2019,20510,170,0,0,0
1,2021,20510,170,0,0,0
1,2017,20510,180,0,0,0
1,2019,20510,180,0,0,0
1,2021,20510,180,0,0,0
1,2017,20510,190,0,0,0
1,2019,20510,190,0,0,0
1,2021,20510,190,0,0,0
1,2017,20510,200,0,0,0
1,2019,20510,200,0,0,0
1,2021,20510,200,0,0,0
1,2017,20510,210,0,0,0
1,2019,20510,210,0,0,0
1,2021,20510,210,0,0,0
1,2017,20510,230,0,0,0
1,2019,20510,230,0,0,0
1,2021,20510,230,19439,0,0
1,2017,20510,240,624959,124992,0
1,2019,20510,240,0,0,0
1,2021,20510,240,0,0,0
1,2017,20510,250,1874877,874943,0
1,2019,20510,250,0,0,0
1,2021,20510,250,0,0,0
1,2017,20510,260,2749819,2144735,0
1,2019,20510,260,0,0,0
1,2021,20510,260,19439,0,0
1,2017,20510,270,2124861,1518726,0
1,2019,20510,270,21818,21818,0
1,2021,20510,270,17857,0,0
1,2017,20510,280,1499902,1921351,0
1,2019,20510,280,36963,0,0
1,2021,20510,280,19439,45187,0
1,2017,20510,290,925503,1069903,0
1,2019,20510,290,21818,73926,0
1,2021,20510,290,143133,0,0
1,2017,20510,300,874943,667001,0
1,2019,20510,300,99978,160620,0
1,2021,20510,300,38877,169592,0
1,2017,20510,310,557712,643194,0
1,2019,20510,310,60737,166391,0
1,2021,20510,310,170895,131350,0
1,2017,20510,320,419405,460445,0
1,2019,20510,320,119155,441491,0
1,2021,20510,320,82579,310715,0
1,2017,20510,330,1090541,944530,0
1,2019,20510,330,235662,754943,0
1,2021,20510,330,362959,414619,0
1,2017,20510,340,1774039,2087514,0
1,2019,20510,340,362689,563717,0
1,2021,20510,340,537574,485893,0
1,2017,20510,350,3548224,2743961,0
1,2019,20510,350,760402,519323,0
1,2021,20510,350,568082,428979,0
1,2017,20510,360,3217296,3421188,0
1,2019,20510,360,845926,729028,0
1,2021,20510,360,532593,971862,0
1,2017,20510,370,3661444,3456789,0
1,2019,20510,370,757263,776262,0
1,2021,20510,370,446650,433014,0
1,2017,20510,380,2572887,3003722,0
1,2019,20510,380,672615,595124,0
1,2021,20510,380,357608,355049,0
1,2017,20510,390,1716912,2055673,0
1,2019,20510,390,357762,155564,0
1,2021,20510,390,515726,425059,0
1,2017,20510,400,926358,1075528,0
1,2019,20510,400,163510,83832,0
1,2021,20510,400,770415,586914,0
1,2017,20510,410,416587,718958,0
1,2019,20510,410,370889,377113,32853
1,2021,20510,410,1969503,1056190,0
1,2017,20510,420,453258,579385,0
1,2019,20510,420,1357678,341971,0
1,2021,20510,420,2887220,2108834,0
1,2017,20510,430,573747,493396,0
1,2019,20510,430,2845236,1206635,0
1,2021,20510,430,4706663,3685323,0
1,2017,20510,440,736565,536612,0
1,2019,20510,440,5477227,3290279,0
1,2021,20510,440,6862098,4506057,0
1,2017,20510,450,1403557,1511493,0
1,2019,20510,450,7736204,4624068,0
1,2021,20510,450,7109379,6182456,0
1,2017,20510,460,2055592,1712850,0
1,2019,20510,460,9426543,6660594,0
1,2021,20510,460,8310736,7158936,0
1,2017,20510,470,2370279,1752519,0
1,2019,20510,470,11084477,7770460,29507
1,2021,20510,470,9257487,8282822,0
1,2017,20510,480,2583594,2230687,0
1,2019,20510,480,9101849,9332130,0
1,2021,20510,480,10001711,7119201,0
1,2017,20510,490,3891704,2279953,0
1,2019,20510,490,8776000,8737143,0
1,2021,20510,490,8841319,7145369,0
1,2017,20510,500,3716840,2177004,0
1,2019,20510,500,7238409,8936968,0
1,2021,20510,500,9825034,6331532,0
1,2017,20510,510,3906068,3402281,0
1,2019,20510,510,6240428,7179401,32853
1,2021,20510,510,8338652,6646056,0
1,2017,20510,520,3393638,2959733,0
1,2019,20510,520,5058714,7268796,0
1,2021,20510,520,7688225,6496048,0
1,2017,20510,530,3043859,3052715,0
1,2019,20510,530,5084033,5629032,0
1,2021,20510,530,7426856,7480913,0
1,2017,20510,540,2536041,3347054,0
1,2019,20510,540,3415932,3766851,0
1,2021,20510,540,7588990,5660142,0
1,2017,20510,550,1683852,2222450,0
1,2019,20510,550,2759758,3848819,0
1,2021,20510,550,5061993,4670375,0
1,2017,20510,560,861636,1956209,0
1,2019,20510,560,2080247,2742337,0
1,2021,20510,560,4971594,3989944,0
1,2017,20510,570,664224,809799,0
1,2019,20510,570,1902669,2273822,0
1,2021,20510,570,4173314,4188825,0
1,2017,20510,580,828061,651493,0
1,2019,20510,580,1336035,1427645,0
1,2021,20510,580,2945013,2826327,0
1,2017,20510,590,762448,586578,0
1,2019,20510,590,1225747,1415145,0
1,2021,20510,590,2527430,2343722,0
1,2017,20510,600,917235,277786,0
1,2019,20510,600,921916,1228402,0
1,2021,20510,600,1544359,2492053,0
1,2017,20510,610,861662,206619,0
1,2019,20510,610,600322,1036886,0
1,2021,20510,610,1176448,1474237,0
1,2017,20510,620,690601,408764,0
1,2019,20510,620,830909,725648,0
1,2021,20510,620,952459,1612643,0
1,2017,20510,630,948832,205269,0
1,2019,20510,630,611703,697451,0
1,2021,20510,630,855731,1079928,0
1,2017,20510,640,959743,277814,0
1,2019,20510,640,633105,376725,0
1,2021,20510,640,473585,948911,0
1,2017,20510,650,868833,250530,0
1,2019,20510,650,612508,291580,0
1,2021,20510,650,496104,634022,0
1,2017,20510,660,875910,130120,0
1,2019,20510,660,482311,356177,0
1,2021,20510,660,444496,530789,0
1,2017,20510,670,620701,69908,0
1,2019,20510,670,400979,320342,0
1,2021,20510,670,207041,284640,0
1,2017,20510,680,682283,60526,0
1,2019,20510,680,474493,418470,0
1,2021,20510,680,226733,516828,0
1,2017,20510,690,431792,39077,0
1,2019,20510,690,507266,264745,0
1,2021,20510,690,350834,482788,0
1,2017,20510,700,396091,183237,0
1,2019,20510,700,422229,260298,0
1,2021,20510,700,193237,151825,0
1,2017,20510,710,193586,95235,0
1,2019,20510,710,146544,225039,0
1,2021,20510,710,96179,308866,0
1,2017,20510,720,136940,23496,0
1,2019,20510,720,30744,207203,0
1,2021,20510,720,104578,160792,0
1,2017,20510,730,43703,210428,0
1,2019,20510,730,125602,179659,0
1,2021,20510,730,37597,68291,0
1,2017,20510,740,73751,200642,0
1,2019,20510,740,77373,256050,0
1,2021,20510,740,37597,61063,0
1,2017,20510,750,23496,52599,0
1,2019,20510,750,216493,212353,0
1,2021,20510,750,117982,79719,0
1,2017,20510,760,0,73474,0
1,2019,20510,760,27888,72638,0
1,2021,20510,760,0,38702,0
1,2017,20510,770,23496,13252,0
1,2019,20510,770,0,262955,0
1,2021,20510,770,21571,0,0
1,2017,20510,780,0,70883,0
1,2019,20510,780,196654,306367,0
1,2021,20510,780,43614,81211,0
1,2017,20510,790,0,111081,0
1,2019,20510,790,0,196654,0
1,2021,20510,790,0,57982,0
1,2017,20510,800,0,43500,0
1,2019,20510,800,75191,321866,0
1,2021,20510,800,0,0,0
1,2017,20510,810,0,0,0
1,2019,20510,810,0,103079,0
1,2021,20510,810,0,41017,0
1,2017,20510,820,0,0,0
1,2019,20510,820,0,12992,0
1,2021,20510,820,0,17148,0
1,2017,20510,830,0,42105,0
1,2019,20510,830,0,195624,0
1,2021,20510,830,0,81211,0
1,2017,20510,840,0,32531,0
1,2019,20510,840,0,38543,0
1,2021,20510,840,0,0,0
1,2017,20510,850,30648,50764,0
1,2019,20510,850,0,0,0
1,2021,20510,850,38702,0,0
1,2017,20510,860,0,18640,0
1,2019,20510,860,0,0,0
1,2021,20510,860,0,47401,0
1,2017,20510,870,0,40670,0
1,2019,20510,870,0,112294,0
1,2021,20510,870,0,0,0
1,2017,20510,880,0,105717,0
1,2019,20510,880,0,156923,0
1,2021,20510,880,0,0,0
1,2017,20510,890,0,25419,0
1,2019,20510,890,0,0,0
1,2021,20510,890,0,11175,0
1,2017,20510,900,0,0,0
1,2019,20510,900,0,113227,0
1,2021,20510,900,0,0,0
1,2017,20510,910,0,0,0
1,2019,20510,910,0,75191,0
1,2021,20510,910,0,0,0
1,2017,20510,920,0,32531,0
1,2019,20510,920,0,0,0
1,2021,20510,920,0,0,0
1,2017,20510,930,0,30648,0
1,2019,20510,930,0,17440,0
1,2021,20510,930,0,0,0
1,2017,20510,940,0,0,0
1,2019,20510,940,0,0,0
1,2021,20510,940,0,0,0
1,2017,20510,950,0,0,0
1,2019,20510,950,0,25458,0
1,2021,20510,950,0,0,0
1,2017,20510,960,0,0,0
1,2019,20510,960,0,0,0
1,2021,20510,960,0,0,0
1,2017,20510,970,0,0,0
1,2019,20510,970,0,0,0
1,2021,20510,970,0,0,0
1,2017,20510,980,0,0,0
1,2019,20510,980,0,0,0
1,2021,20510,980,0,0,0
1,2017,20510,1000,0,13252,0
1,2019,20510,1000,0,27888,0
1,2021,20510,1000,0,0,0
1,2017,20510,1010,0,0,0
1,2019,20510,1010,0,0,0
1,2021,20510,1010,0,0,0
1,2017,20510,1020,0,18609,0
1,2019,20510,1020,0,0,0
1,2021,20510,1020,0,0,0
1,2017,20510,1030,0,0,0
1,2019,20510,1030,0,0,0
1,2021,20510,1030,0,0,0
1,2017,20510,1040,0,0,0
1,2019,20510,1040,0,0,0
1,2021,20510,1040,0,0,0
1,2017,20510,1060,0,0,0
1,2019,20510,1060,0,0,0
1,2021,20510,1060,0,0,0
1,2017,20510,1070,0,0,0
1,2019,20510,1070,0,0,0
1,2021,20510,1070,0,0,0
1,2017,20510,1080,0,0,0
1,2019,20510,1080,0,0,0
1,2021,20510,1080,0,0,0
1,2017,21720,40,0,0,0
1,2019,21720,40,0,0,0
1,2021,21720,40,0,0,0
1,2017,21720,50,0,0,0
1,2019,21720,50,0,0,0
1,2021,21720,50,0,0,0
1,2017,21720,60,0,0,0
1,2019,21720,60,0,0,195321
1,2021,21720,60,0,0,0
1,2017,21720,70,0,0,0
1,2019,21720,70,0,0,321664
1,2021,21720,70,0,0,0
1,2017,21720,80,0,0,0
1,2019,21720,80,0,9944,419832
1,2021,21720,80,0,0,0
1,2017,21720,90,0,0,0
1,2019,21720,90,0,0,157658
1,2021,21720,90,0,0,0
1,2017,21720,100,0,0,0
1,2019,21720,100,0,0,0
1,2021,21720,100,0,0,0
1,2017,21720,110,0,0,0
1,2019,21720,110,0,0,0
1,2021,21720,110,0,0,0
1,2017,21720,120,0,0,0
1,2019,21720,120,0,0,0
1,2021,21720,120,0,0,0
1,2017,21720,130,0,0,0
1,2019,21720,130,0,0,0
1,2021,21720,130,16194,18204,0
1,2017,21720,140,23588,47175,0
1,2019,21720,140,20144,0,0
1,2021,21720,140,145745,80970,0
1,2017,21720,150,145189,70763,0
1,2019,21720,150,0,0,0
1,2021,21720,150,129551,101185,0
1,2017,21720,160,70763,283052,0
1,2019,21720,160,49795,59452,20144
1,2021,21720,160,344093,147755,0
1,2017,21720,170,165114,330228,0
1,2019,21720,170,230098,19470,0
1,2021,21720,170,393875,258025,0
1,2017,21720,180,139061,174975,0
1,2019,21720,180,382452,273344,0
1,2021,21720,180,432027,273985,0
1,2017,21720,190,63070,66879,20310
1,2019,21720,190,212431,585059,0
1,2021,21720,190,481737,500135,0
1,2017,21720,200,154411,178886,0
1,2019,21720,200,831963,629673,0
1,2021,21720,200,225129,419497,0
1,2017,21720,210,142031,146030,0
1,2019,21720,210,1173298,995813,0
1,2021,21720,210,426325,398514,0
1,2017,21720,220,356901,177814,0
1,2019,21720,220,1371169,1128656,0
1,2021,21720,220,424768,384665,0
1,2017,21720,230,161057,335855,0
1,2019,21720,230,1257723,1225224,0
1,2021,21720,230,263710,561477,0
1,2017,21720,240,625584,397389,0
1,2019,21720,240,1832050,880111,0
1,2021,21720,240,354197,716230,0
1,2017,21720,250,545713,375735,0
1,2019,21720,250,1235733,874420,0
1,2021,21720,250,607579,559057,0
1,2017,21720,260,418693,403212,22550
1,2019,21720,260,1780793,1327392,0
1,2021,21720,260,482038,579864,0
1,2017,21720,270,366802,500139,0
1,2019,21720,270,735840,1298502,0
1,2021,21720,270,694397,719987,0
1,2017,21720,280,301047,468361,0
1,2019,21720,280,1317873,893605,0
1,2021,21720,280,805110,416964,0
1,2017,21720,290,600514,442158,0
1,2019,21720,290,1171890,1212887,0
1,2021,21720,290,633055,818183,0
1,2017,21720,300,235731,303697,0
1,2019,21720,300,815840,1322502,0
1,2021,21720,300,447715,493576,0
1,2017,21720,310,292335,213422,0
1,2019,21720,310,954950,527549,0
1,2021,21720,310,478204,534439,0
1,2017,21720,320,83343,150392,0
1,2019,21720,320,669524,512487,0
1,2021,21720,320,199694,193406,0
1,2017,21720,330,116785,44762,0
1,2019,21720,330,534116,585371,0
1,2021,21720,330,327120,105357,0
1,2017,21720,340,99422,52040,0
1,2019,21720,340,452939,669039,0
1,2021,21720,340,141572,80480,0
1,2017,21720,350,129686,152151,0
1,2019,21720,350,219232,210363,0
1,2021,21720,350,139724,237475,0
1,2017,21720,360,39520,122355,0
1,2019,21720,360,345207,293552,0
1,2021,21720,360,154463,113124,0
1,2017,21720,370,100057,108925,0
1,2019,21720,370,368827,434199,0
1,2021,21720,370,77832,188385,0
1,2017,21720,380,139380,45322,0
1,2019,21720,380,675368,174099,0
1,2021,21720,380,139195,169683,0
1,2017,21720,390,170119,309659,0
1,2019,21720,390,503002,218197,0
1,2021,21720,390,288053,146846,0
1,2017,21720,400,189555,120469,0
1,2019,21720,400,572756,398890,0
1,2021,21720,400,297747,266262,0
1,2017,21720,410,283477,192400,0
1,2019,21720,410,511573,801795,0
1,2021,21720,410,469183,352184,0
1,2017,21720,420,193577,183983,0
1,2019,21720,420,1215823,1335312,0
1,2021,21720,420,393258,438415,0
1,2017,21720,430,328616,358649,0
1,2019,21720,430,1204551,1613130,0
1,2021,21720,430,686040,510880,0
1,2017,21720,440,175206,430396,0
1,2019,21720,440,2182179,1438170,0
1,2021,21720,440,482525,532638,0
1,2017,21720,450,315570,307376,0
1,2019,21720,450,2066107,2637326,0
1,2021,21720,450,487091,713170,0
1,2017,21720,460,283882,218457,0
1,2019,21720,460,2079974,3205537,0
1,2021,21720,460,879159,776583,0
1,2017,21720,470,442923,291106,0
1,2019,21720,470,3038869,3104476,0
1,2021,21720,470,556069,875433,0
1,2017,21720,480,520772,638361,0
1,2019,21720,480,2670910,2700983,0
1,2021,21720,480,881110,680847,0
1,2017,21720,490,904754,694247,0
1,2019,21720,490,2306140,3037065,0
1,2021,21720,490,926345,1175281,0
1,2017,21720,500,793646,908393,0
1,2019,21720,500,2841736,2746603,0
1,2021,21720,500,1085968,1082361,0
1,2017,21720,510,709841,842660,0
1,2019,21720,510,2087618,2380219,0
1,2021,21720,510,1159679,1278869,0
1,2017,21720,520,1475711,1057121,0
1,2019,21720,520,1563508,1341843,0
1,2021,21720,520,1668879,1362784,0
1,2017,21720,530,1010343,952523,0
1,2019,21720,530,1982388,1709068,0
1,2021,21720,530,1438477,1291867,0
1,2017,21720,540,1759969,1692148,0
1,2019,21720,540,1593289,1480644,0
1,2021,21720,540,1285536,1683923,0
1,2017,21720,550,1491602,971379,0
1,2019,21720,550,1324639,819238,0
1,2021,21720,550,2295465,1391858,0
1,2017,21720,560,1055259,931825,0
1,2019,21720,560,1655955,985870,0
1,2021,21720,560,2067642,1914802,0
1,2017,21720,570,1483376,1258253,22550
1,2019,21720,570,1095658,897502,0
1,2021,21720,570,2007562,1679626,0
1,2017,21720,580,1178109,1372718,0
1,2019,21720,580,1215463,1048770,0
1,2021,21720,580,1358270,1905666,0
1,2017,21720,590,1027742,968479,0
1,2019,21720,590,936678,1464355,0
1,2021,21720,590,1471281,1647158,0
1,2017,21720,600,805099,903789,0
1,2019,21720,600,1393242,700447,0
1,2021,21720,600,1988657,1695348,0
1,2017,21720,610,557799,873384,0
1,2019,21720,610,947264,1208116,0
1,2021,21720,610,1252364,1501575,0
1,2017,21720,620,605284,818392,0
1,2019,21720,620,1099975,645493,0
1,2021,21720,620,1202246,1714738,0
1,2017,21720,630,403781,632317,22550
1,2019,21720,630,593092,1128449,0
1,2021,21720,630,925484,1152128,0
1,2017,21720,640,587991,778237,0
1,2019,21720,640,639968,866655,0
1,2021,21720,640,1206598,898564,0
1,2017,21720,650,225723,490093,0
1,2019,21720,650,699189,672234,0
1,2021,21720,650,940236,1148326,0
1,2017,21720,660,323752,332206,0
1,2019,21720,660,691332,516744,0
1,2021,21720,660,650278,914154,0
1,2017,21720,670,79285,276179,0
1,2019,21720,670,625067,539938,0
1,2021,21720,670,646257,855007,0
1,2017,21720,680,163270,328135,0
1,2019,21720,680,530180,446010,0
1,2021,21720,680,475124,715345,0
1,2017,21720,690,273588,468137,0
1,2019,21720,690,183009,441530,0
1,2021,21720,690,705763,595018,0
1,2017,21720,700,164066,373455,0
1,2019,21720,700,237258,480220,0
1,2021,21720,700,401498,640704,0
1,2017,21720,710,115937,362280,0
1,2019,21720,710,402777,364657,0
1,2021,21720,710,340686,801520,0
1,2017,21720,720,191560,346683,0
1,2019,21720,720,168707,569316,0
1,2021,21720,720,295864,524534,0
1,2017,21720,730,79580,263910,0
1,2019,21720,730,172633,258934,0
1,2021,21720,730,153051,433610,0
1,2017,21720,740,71658,176746,0
1,2019,21720,740,79070,358856,0
1,2021,21720,740,201607,373633,0
1,2017,21720,750,50199,190687,0
1,2019,21720,750,110381,91181,0
1,2021,21720,750,145914,169538,0
1,2017,21720,760,55889,238247,0
1,2019,21720,760,124530,360685,0
1,2021,21720,760,86845,172805,0
1,2017,21720,770,91486,144426,0
1,2019,21720,770,77392,176087,0
1,2021,21720,770,138511,277866,0
1,2017,21720,780,123411,51265,0
1,2019,21720,780,90331,189505,0
1,2021,21720,780,23518,134251,0
1,2017,21720,790,54380,84425,0
1,2019,21720,790,83397,97576,0
1,2021,21720,790,14495,244451,0
1,2017,21720,800,67808,90055,0
1,2019,21720,800,49975,195505,0
1,2021,21720,800,89716,146548,0
1,2017,21720,810,43815,141600,0
1,2019,21720,810,42714,228258,0
1,2021,21720,810,15438,185118,0
1,2017,21720,820,85604,21226,0
1,2019,21720,820,88936,206939,0
1,2021,21720,820,0,106524,0
1,2017,21720,830,26243,97555,0
1,2019,21720,830,94287,34431,0
1,2021,21720,830,48482,145645,0
1,2017,21720,840,12932,92858,0
1,2019,21720,840,0,136062,0
1,2021,21720,840,55635,183751,0
1,2017,21720,850,0,74744,0
1,2019,21720,850,53094,78389,0
1,2021,21720,850,16648,132519,0
1,2017,21720,860,35807,36909,0
1,2019,21720,860,41789,92842,0
1,2021,21720,860,0,37760,0
1,2017,21720,870,14434,69629,0
1,2019,21720,870,34416,122916,0
1,2021,21720,870,0,109828,0
1,2017,21720,880,0,97727,0
1,2019,21720,880,10284,131099,0
1,2021,21720,880,0,128302,0
1,2017,21720,890,12932,46987,0
1,2019,21720,890,0,96265,0
1,2021,21720,890,21643,122072,0
1,2017,21720,900,11176,58034,0
1,2019,21720,900,0,61162,0
1,2021,21720,900,16648,35911,0
1,2017,21720,910,0,39228,0
1,2019,21720,910,0,0,0
1,2021,21720,910,0,63144,0
1,2017,21720,920,11563,32126,0
1,2019,21720,920,0,48566,0
1,2021,21720,920,0,77920,0
1,2017,21720,930,0,12939,0
1,2019,21720,930,0,46393,0
1,2021,21720,930,0,68057,0
1,2017,21720,940,0,13311,0
1,2019,21720,940,15898,107018,0
1,2021,21720,940,0,45617,0
1,2017,21720,950,0,34035,0
1,2019,21720,950,0,18533,0
1,2021,21720,950,21395,0,0
1,2017,21720,960,0,0,0
1,2019,21720,960,0,0,0
1,2021,21720,960,0,0,0
1,2017,21720,970,0,31641,0
1,2019,21720,970,0,0,0
1,2021,21720,970,0,0,0
1,2017,21720,980,0,39364,0
1,2019,21720,980,0,72610,0
1,2021,21720,980,0,64423,0
1,2017,21720,990,0,0,0
1,2019,21720,990,0,18263,0
1,2021,21720,990,0,15438,0
1,2017,21720,1000,0,0,0
1,2019,21720,1000,0,19114,0
1,2021,21720,1000,0,15438,0
1,2017,21720,1010,0,0,0
1,2019,21720,1010,0,0,0
1,2021,21720,1010,0,0,0
1,2017,21720,1020,0,0,0
1,2019,21720,1020,0,0,0
1,2021,21720,1020,0,31519,0
1,2017,21720,1030,0,0,0
1,2019,21720,1030,0,0,0
1,2021,21720,1030,0,0,0
1,2017,21720,1040,0,0,0
1,2019,21720,1040,0,0,0
1,2021,21720,1040,0,0,0
1,2017,21720,1050,0,0,0
1,2019,21720,1050,0,0,0
1,2021,21720,1050,0,0,0
1,2017,21720,1060,0,0,0
1,2019,21720,1060,0,0,0
1,2021,21720,1060,0,0,0
1,2017,21720,1070,0,0,0
1,2019,21720,1070,0,0,0
1,2021,21720,1070,0,0,0
1,2017,21720,1080,0,0,0
1,2019,21720,1080,0,0,0
1,2021,21720,1080,0,0,0
1,2017,21720,1090,0,0,0
1,2019,21720,1090,0,0,0
1,2021,21720,1090,0,0,0
1,2017,21720,1100,0,0,0
1,2019,21720,1100,0,0,0
1,2021,21720,1100,0,0,0
1,2017,21720,1300,0,0,0
1,2019,21720,1300,0,0,0
1,2021,21720,1300,0,0,0
1,2017,21740,30,0,0,0
1,2019,21740,30,0,0,0
1,2021,21740,30,0,0,0
1,2017,21740,40,0,0,351272
1,2019,21740,40,0,0,0
1,2021,21740,40,0,0,44273
1,2017,21740,50,0,0,1261901
1,2019,21740,50,0,0,34428
1,2021,21740,50,0,0,1709709
1,2017,21740,60,0,0,1074166
1,2019,21740,60,0,0,90808
1,2021,21740,60,0,0,3666971
1,2017,21740,70,12360,0,1107331
1,2019,21740,70,89258,0,319332
1,2021,21740,70,0,0,5205878
1,2017,21740,80,0,0,937914
1,2019,21740,80,0,52676,650138
1,2021,21740,80,0,32665,4879319
1,2017,21740,90,0,0,1547636
1,2019,21740,90,0,52383,345314
1,2021,21740,90,39130,0,178655
1,2017,21740,100,0,0,574681
1,2019,21740,100,0,0,157304
1,2021,21740,100,0,0,0
1,2017,21740,110,48169,26783,64604
1,2019,21740,110,21515,86059,110019
1,2021,21740,110,103842,93160,17405
1,2017,21740,120,115897,38525,164539
1,2019,21740,120,215148,472288,263822
1,2021,21740,120,726216,566217,17405
1,2017,21740,130,1463100,423551,807742
1,2019,21740,130,752654,313585,936502
1,2021,21740,130,4317597,2646072,303845
1,2017,21740,140,7846671,3368213,1709632
1,2019,21740,140,1206193,1057197,1778326
1,2021,21740,140,12328528,12082353,2815241
1,2017,21740,150,15607434,10050824,2684929
1,2019,21740,150,2674342,2961502,2396062
1,2021,21740,150,23622911,20718970,3941740
1,2017,21740,160,16848616,17777153,6692461
1,2019,21740,160,6501978,5256881,3235825
1,2021,21740,160,29828985,26364816,4537461
1,2017,21740,170,18400684,14821106,12605145
1,2019,21740,170,11677972,11317685,6662826
1,2021,21740,170,43152098,33295093,3099450
1,2017,21740,180,14260908,16270099,13737625
1,2019,21740,180,14209077,10177678,10159003
1,2021,21740,180,34039681,37031073,2878446
1,2017,21740,190,9745430,15006386,9975228
1,2019,21740,190,10692697,13259642,10914685
1,2021,21740,190,27531451,38291216,1883207
1,2017,21740,200,15829024,22074957,5408871
1,2019,21740,200,8538733,7639944,11743306
1,2021,21740,200,19779512,24186949,437788
1,2017,21740,210,31419664,35029771,2528304
1,2019,21740,210,5682414,4489003,4821860
1,2021,21740,210,9690412,10884337,235732
1,2017,21740,220,41526841,31812096,1242927
1,2019,21740,220,4275609,3367253,700877
1,2021,21740,220,4852106,3438538,67352
1,2017,21740,230,15496508,23835059,784620
1,2019,21740,230,3080173,3065851,663763
1,2021,21740,230,3954080,3639905,0
1,2017,21740,240,4995467,6604914,272967
1,2019,21740,240,2971212,3303693,0
1,2021,21740,240,1276072,2071488,0
1,2017,21740,250,4010045,2166629,81129
1,2019,21740,250,4251404,3320307,0
1,2021,21740,250,1678709,2139122,0
1,2017,21740,260,143679,1227470,27043
1,2019,21740,260,5500338,4711761,0
1,2021,21740,260,2212855,1558293,0
1,2017,21740,270,132026,102248,0
1,2019,21740,270,6453219,5999235,0
1,2021,21740,270,3344611,4386645,0
1,2017,21740,280,643498,111651,0
1,2019,21740,280,5260095,6430068,50098
1,2021,21740,280,5836540,6256534,0
1,2017,21740,290,118633,277664,0
1,2019,21740,290,5664170,6487335,183284
1,2021,21740,290,10495595,6743366,0
1,2017,21740,300,245923,228601,53409
1,2019,21740,300,6705520,5311032,25049
1,2021,21740,300,9915623,13304353,0
1,2017,21740,310,611474,455676,0
1,2019,21740,310,6582623,5887213,25049
1,2021,21740,310,11353736,11893070,0
1,2017,21740,320,1206485,496378,0
1,2019,21740,320,5761176,6150788,0
1,2021,21740,320,9843289,10806636,0
1,2017,21740,330,778319,728631,0
1,2019,21740,330,5803309,5221654,23774
1,2021,21740,330,11559422,9821411,0
1,2017,21740,340,939140,916946,0
1,2019,21740,340,4746182,4665064,0
1,2021,21740,340,11208671,11202227,0
1,2017,21740,350,979907,1022968,0
1,2019,21740,350,4379524,4650563,0
1,2021,21740,350,8998902,11023212,0
1,2017,21740,360,730668,752736,44141
1,2019,21740,360,4147312,5128146,25049
1,2021,21740,360,12271990,15002371,0
1,2017,21740,370,794294,2510080,0
1,2019,21740,370,3530651,3972556,0
1,2021,21740,370,14962773,12408963,0
1,2017,21740,380,2157560,633284,0
1,2019,21740,380,2916532,4100637,47547
1,2021,21740,380,19005960,17829026,0
1,2017,21740,390,2544214,1789902,0
1,2019,21740,390,2713834,3321113,0
1,2021,21740,390,21682460,22667940,0
1,2017,21740,400,6718782,3160874,0
1,2019,21740,400,1930672,4367987,0
1,2021,21740,400,27861616,24880115,0
1,2017,21740,410,14427746,6557912,0
1,2019,21740,410,2195682,3671000,23774
1,2021,21740,410,24228078,29766212,0
1,2017,21740,420,23714289,21876324,0
1,2019,21740,420,5113327,4555754,0
1,2021,21740,420,23399344,30743148,0
1,2017,21740,430,28427391,29052019,0
1,2019,21740,430,10058239,4610709,381281
1,2021,21740,430,18276707,27239461,0
1,2017,21740,440,27590340,46067231,0
1,2019,21740,440,16558554,5827685,48823
1,2021,21740,440,15864150,23070212,0
1,2017,21740,450,12141800,42921493,0
1,2019,21740,450,24234852,12203769,25049
1,2021,21740,450,12349748,17041173,0
1,2017,21740,460,15231312,26972801,7705
1,2019,21740,460,20644587,17902854,42621
1,2021,21740,460,14468225,18109752,0
1,2017,21740,470,8683299,16904693,0
1,2019,21740,470,15873439,20344633,48823
1,2021,21740,470,14870082,13211632,45357
1,2017,21740,480,3576736,11903167,0
1,2019,21740,480,11641055,22510749,73872
1,2021,21740,480,14555911,12245362,0
1,2017,21740,490,4352374,6331680,0
1,2019,21740,490,9382776,18987995,75147
1,2021,21740,490,14461985,10182715,0
1,2017,21740,500,2099095,4867196,0
1,2019,21740,500,5772272,17303985,50098
1,2021,21740,500,12841973,13502356,0
1,2017,21740,510,1943296,1944427,0
1,2019,21740,510,3745836,14197741,25049
1,2021,21740,510,10245180,14360327,0
1,2017,21740,520,1000372,2471501,0
1,2019,21740,520,2088754,9532944,0
1,2021,21740,520,6325659,14221925,0
1,2017,21740,530,1188965,3086082,0
1,2019,21740,530,1017123,7956844,0
1,2021,21740,530,4385430,13014659,0
1,2017,21740,540,906356,2783623,0
1,2019,21740,540,1040450,4954911,0
1,2021,21740,540,3219586,10831336,0
1,2017,21740,550,393847,1749517,0
1,2019,21740,550,794291,4203531,25049
1,2021,21740,550,2183418,8380077,0
1,2017,21740,560,280009,1600686,0
1,2019,21740,560,414426,2446199,0
1,2021,21740,560,1547811,6650670,0
1,2017,21740,570,155300,1284501,0
1,2019,21740,570,103422,2063079,0
1,2021,21740,570,523483,5585337,0
1,2017,21740,580,237149,987605,0
1,2019,21740,580,398495,784569,0
1,2021,21740,580,406426,3299342,0
1,2017,21740,590,40654,668635,0
1,2019,21740,590,157631,601656,0
1,2021,21740,590,506036,2625698,0
1,2017,21740,600,38941,385612,0
1,2019,21740,600,178343,614608,0
1,2021,21740,600,233624,1612265,0
1,2017,21740,610,27650,333281,0
1,2019,21740,610,120161,134770,0
1,2021,21740,610,300324,825952,0
1,2017,21740,620,62968,239882,0
1,2019,21740,620,21056,167767,0
1,2021,21740,620,66205,916257,0
1,2017,21740,630,0,51213,0
1,2019,21740,630,0,157638,0
1,2021,21740,630,146379,738476,0
1,2017,21740,640,0,154963,0
1,2019,21740,640,21515,74835,0
1,2021,21740,640,75424,344456,0
1,2017,21740,650,27650,26350,0
1,2019,21740,650,7484,61371,0
1,2021,21740,650,92595,64608,0
1,2017,21740,660,0,0,0
1,2019,21740,660,21515,91804,0
1,2021,21740,660,20769,131915,0
1,2017,21740,670,0,23929,0
1,2019,21740,670,17740,87716,0
1,2021,21740,670,0,47333,0
1,2017,21740,680,0,28181,0
1,2019,21740,680,0,39092,0
1,2021,21740,680,0,0,0
1,2017,21740,690,0,59900,0
1,2019,21740,690,0,0,0
1,2021,21740,690,0,42877,0
1,2017,21740,700,0,0,0
1,2019,21740,700,0,0,0
1,2021,21740,700,0,0,0
1,2017,21740,710,0,0,0
1,2019,21740,710,0,0,0
1,2021,21740,710,0,0,0
1,2017,21740,720,0,0,0
1,2019,21740,720,0,0,0
1,2021,21740,720,0,0,0
1,2017,21740,730,0,0,0
1,2019,21740,730,0,0,0
1,2021,21740,730,0,0,0
1,2017,21740,740,0,43587,0
1,2019,21740,740,0,0,0
1,2021,21740,740,0,0,0
1,2017,21740,750,0,0,0
1,2019,21740,750,0,0,0
1,2021,21740,750,0,0,0
1,2017,21740,760,0,0,0
1,2019,21740,760,0,0,0
1,2021,21740,760,0,0,0
1,2017,21740,770,0,0,0
1,2019,21740,770,0,0,0
1,2021,21740,770,0,0,0
1,2017,21740,780,0,0,0
1,2019,21740,780,0,0,0
1,2021,21740,780,0,0,0
1,2017,21740,790,0,0,0
1,2019,21740,790,0,0,0
1,2021,21740,790,0,0,0
1,2017,21740,800,0,0,0
1,2019,21740,800,0,0,0
1,2021,21740,800,0,0,0
1,2017,21740,810,0,0,0
1,2019,21740,810,0,0,0
1,2021,21740,810,0,0,0
1,2017,21740,820,0,0,0
1,2019,21740,820,0,0,0
1,2021,21740,820,0,0,0
1,2017,21740,840,0,0,0
1,2019,21740,840,0,0,0
1,2021,21740,840,0,0,0
1,2017,21740,950,0,0,0
1,2019,21740,950,0,0,0
1,2021,21740,950,0,0,0
1,2017,21740,990,0,0,0
1,2019,21740,990,0,0,0
1,2021,21740,990,0,0,0
1,2017,30020,40,0,0,0
1,2019,30020,40,0,0,0
1,2021,30020,40,0,0,0
1,2017,30020,50,0,0,0
1,2019,30020,50,0,0,0
1,2021,30020,50,0,0,0
1,2017,30020,60,0,0,0
1,2019,30020,60,0,0,0
1,2021,30020,60,0,0,0
1,2017,30020,70,0,0,40881
1,2019,30020,70,0,0,0
1,2021,30020,70,0,0,0
1,2017,30020,80,0,0,101512
1,2019,30020,80,0,0,110325
1,2021,30020,80,0,0,9068
1,2017,30020,90,0,0,182870
1,2019,30020,90,0,25517,397625
1,2021,30020,90,0,0,9068
1,2017,30020,100,0,0,24386
1,2019,30020,100,39078,122418,804549
1,2021,30020,100,0,0,88225
1,2017,30020,110,0,0,264369
1,2019,30020,110,78156,173451,1123569
1,2021,30020,110,0,0,302266
1,2017,30020,120,0,0,272612
1,2019,30020,120,35752,147935,2170146
1,2021,30020,120,0,0,885530
1,2017,30020,130,0,0,208737
1,2019,30020,130,90111,51033,2351091
1,2021,30020,130,43480,43480,1632652
1,2017,30020,140,8132,17270,784402
1,2019,30020,140,215860,109845,3368764
1,2021,30020,140,86959,43480,2572214
1,2017,30020,150,0,0,1576431
1,2019,30020,150,280297,316182,3634575
1,2021,30020,150,86959,93104,3268134
1,2017,30020,160,0,0,2553926
1,2019,30020,160,372930,293173,3374008
1,2021,30020,160,146780,26382,5031450
1,2017,30020,170,25657,25323,3778283
1,2019,30020,170,92737,526326,2487978
1,2021,30020,170,75629,28454,5657129
1,2017,30020,180,18323,17081,5378232
1,2019,30020,180,127068,1030377,4117064
1,2021,30020,180,216359,37180,6470708
1,2017,30020,190,100999,212024,7533889
1,2019,30020,190,51033,597091,4483930
1,2021,30020,190,226411,191274,6546155
1,2017,30020,200,358568,53823,10781005
1,2019,30020,200,208903,270203,5900834
1,2021,30020,200,304341,225596,8075745
1,2017,30020,210,179200,66416,13184262
1,2019,30020,210,333684,1581214,6745817
1,2021,30020,210,30046,178525,9334002
1,2017,30020,220,344943,18842,14184061
1,2019,30020,220,400386,1400362,11274112
1,2021,30020,220,265896,130567,10568569
1,2017,30020,230,372555,150244,18158241
1,2019,30020,230,387985,1541180,13546217
1,2021,30020,230,253918,304764,14711136
1,2017,30020,240,302014,130794,19671144
1,2019,30020,240,428421,1330640,17284066
1,2021,30020,240,279759,183586,14824031
1,2017,30020,250,322916,318402,18561763
1,2019,30020,250,621125,1571695,15985128
1,2021,30020,250,408997,412433,16939566
1,2017,30020,260,406266,243854,21067374
1,2019,30020,260,727861,1296983,18017809
1,2021,30020,260,269562,413676,17310219
1,2017,30020,270,485627,210226,19702492
1,2019,30020,270,922189,1740418,17688721
1,2021,30020,270,205133,625492,17185394
1,2017,30020,280,809739,222688,19881392
1,2019,30020,280,885364,1147489,17622869
1,2021,30020,280,240302,716869,16004455
1,2017,30020,290,457347,304303,19097673
1,2019,30020,290,1035891,1151942,18204326
1,2021,30020,290,573139,577323,16470956
1,2017,30020,300,283844,211132,17594586
1,2019,30020,300,1005320,1329172,14350154
1,2021,30020,300,465289,233013,14268575
1,2017,30020,310,323174,303997,14163329
1,2019,30020,310,604908,750644,13200832
1,2021,30020,310,572032,538833,12418685
1,2017,30020,320,399871,145761,12947454
1,2019,30020,320,627339,735908,10672133
1,2021,30020,320,360799,459371,10420785
1,2017,30020,330,94851,202047,9922917
1,2019,30020,330,661436,643097,8751755
1,2021,30020,330,529892,431319,7648455
1,2017,30020,340,312058,79007,7730317
1,2019,30020,340,570103,372213,6209927
1,2021,30020,340,338911,198743,5568570
1,2017,30020,350,275011,98677,5898001
1,2019,30020,350,524431,492215,5658719
1,2021,30020,350,41873,280675,4378457
1,2017,30020,360,17070,100953,3830600
1,2019,30020,360,326771,745338,3729789
1,2021,30020,360,124295,375182,3460597
1,2017,30020,370,72065,0,4154925
1,2019,30020,370,320329,387974,3347097
1,2021,30020,370,131731,85080,3268245
1,2017,30020,380,247825,8441,2640732
1,2019,30020,380,243909,235640,2480882
1,2021,30020,380,169587,113193,2500977
1,2017,30020,390,66061,18323,1674517
1,2019,30020,390,144311,365897,1593575
1,2021,30020,390,9863,53183,1602237
1,2017,30020,400,128770,0,1273368
1,2019,30020,400,0,71634,1199568
1,2021,30020,400,0,92655,1386702
1,2017,30020,410,0,108837,1101725
1,2019,30020,410,28010,147876,1094679
1,2021,30020,410,62448,137421,1554001
1,2017,30020,420,0,0,606430
1,2019,30020,420,29238,9928,730111
1,2021,30020,420,57828,66280,557112
1,2017,30020,430,0,0,925600
1,2019,30020,430,0,80158,494037
1,2021,30020,430,43480,0,392441
1,2017,30020,440,61282,0,499378
1,2019,30020,440,32135,122418,238590
1,2021,30020,440,0,0,487655
1,2017,30020,450,0,29078,159935
1,2019,30020,450,0,198714,240417
1,2021,30020,450,0,0,349352
1,2017,30020,460,18842,0,271507
1,2019,30020,460,0,0,223905
1,2021,30020,460,23087,0,189327
1,2017,30020,470,0,39092,112348
1,2019,30020,470,0,122418,231254
1,2021,30020,470,0,14348,102024
1,2017,30020,480,17070,0,228314
1,2019,30020,480,0,0,261996
1,2021,30020,480,0,25166,22180
1,2017,30020,490,0,0,27963
1,2019,30020,490,0,43029,35932
1,2021,30020,490,0,0,98641
1,2017,30020,500,0,0,188644
1,2019,30020,500,0,0,89191
1,2021,30020,500,0,19736,280048
1,2017,30020,510,0,0,24474
1,2019,30020,510,0,0,205295
1,2021,30020,510,0,0,155848
1,2017,30020,520,0,62942,113071
1,2019,30020,520,0,122418,54286
1,2021,30020,520,0,0,35729
1,2017,30020,530,0,0,0
1,2019,30020,530,0,34593,111140
1,2021,30020,530,0,0,44192
1,2017,30020,540,0,0,39092
1,2019,30020,540,0,0,100642
1,2021,30020,540,0,0,34084
1,2017,30020,550,0,58267,0
1,2019,30020,550,0,0,0
1,2021,30020,550,0,0,11566
1,2017,30020,560,0,0,44583
1,2019,30020,560,0,0,106870
1,2021,30020,560,0,0,47597
1,2017,30020,570,0,0,0
1,2019,30020,570,0,0,0
1,2021,30020,570,0,0,0
1,2017,30020,580,0,0,0
1,2019,30020,580,0,0,111140
1,2021,30020,580,0,0,0
1,2017,30020,590,0,0,0
1,2019,30020,590,0,0,25492
1,2021,30020,590,0,0,0
1,2017,30020,600,0,0,0
1,2019,30020,600,0,0,29238
1,2021,30020,600,0,0,0
1,2017,30020,610,0,0,0
1,2019,30020,610,0,0,0
1,2021,30020,610,0,0,0
1,2017,30020,620,0,0,0
1,2019,30020,620,0,0,0
1,2021,30020,620,0,0,23445
1,2017,30020,630,0,0,0
1,2019,30020,630,0,0,0
1,2021,30020,630,0,0,25166
1,2017,30020,640,0,0,0
1,2019,30020,640,0,0,0
1,2021,30020,640,0,0,0
1,2017,30020,650,0,0,106091
1,2019,30020,650,0,0,111140
1,2021,30020,650,0,0,0
1,2017,30020,660,0,0,0
1,2019,30020,660,0,0,0
1,2021,30020,660,0,0,0
1,2017,30020,670,0,0,0
1,2019,30020,670,0,0,0
1,2021,30020,670,0,0,0
1,2017,30020,680,0,0,53045
1,2019,30020,680,0,0,0
1,2021,30020,680,0,0,0
1,2017,30020,690,0,0,0
1,2019,30020,690,0,0,0
1,2021,30020,690,0,0,0
1,2017,30020,700,0,0,0
1,2019,30020,700,0,0,0
1,2021,30020,700,0,0,0
1,2017,30020,710,0,0,0
1,2019,30020,710,0,0,0
1,2021,30020,710,0,0,0
1,2017,30020,720,0,0,0
1,2019,30020,720,0,0,0
1,2021,30020,720,0,0,53796
1,2017,30020,730,0,0,0
1,2019,30020,730,0,0,0
1,2021,30020,730,0,0,0
1,2017,30020,740,0,0,0
1,2019,30020,740,0,0,0
1,2021,30020,740,0,0,0
1,2017,30020,760,0,0,0
1,2019,30020,760,0,0,0
1,2021,30020,760,0,0,0
1,2017,30020,770,0,0,0
1,2019,30020,770,0,0,0
1,2021,30020,770,0,0,0
1,2017,30020,780,0,0,0
1,2019,30020,780,0,0,0
1,2021,30020,780,0,0,0
1,2017,30060,40,0,0,0
1,2019,30060,40,0,0,0
1,2021,30060,40,0,0,0
1,2017,30060,50,0,0,0
1,2019,30060,50,0,0,0
1,2021,30060,50,0,0,0
1,2017,30060,60,0,0,0
1,2019,30060,60,0,0,0
1,2021,30060,60,0,0,0
1,2017,30060,70,0,0,0
1,2019,30060,70,0,0,0
1,2021,30060,70,0,0,0
1,2017,30060,80,23715,0,77738
1,2019,30060,80,28851,0,65229
1,2021,30060,80,0,0,0
1,2017,30060,90,0,0,742142
1,2019,30060,90,25648,0,78416
1,2021,30060,90,36300,31882,0
1,2017,30060,100,0,111320,7700080
1,2019,30060,100,88562,0,40271
1,2021,30060,100,123912,35023,10756
1,2017,30060,110,68708,0,5198515
1,2019,30060,110,671567,136368,201353
1,2021,30060,110,135810,0,0
1,2017,30060,120,0,0,577256
1,2019,30060,120,2307147,1473672,795855
1,2021,30060,120,0,30123,0
1,2017,30060,130,0,45262,86806
1,2019,30060,130,5256325,3245269,390836
1,2021,30060,130,267408,29362,0
1,2017,30060,140,206461,81325,117934
1,2019,30060,140,13694102,10149750,1136481
1,2021,30060,140,345205,233399,0
1,2017,30060,150,398202,118081,219677
1,2019,30060,150,13611261,7103850,945979
1,2021,30060,150,477490,353066,0
1,2017,30060,160,154714,178369,270383
1,2019,30060,160,6566083,6660647,110227
1,2021,30060,160,318583,430143,16144
1,2017,30060,170,716075,948018,301170
1,2019,30060,170,7609444,5223460,51151
1,2021,30060,170,1972942,1065567,0
1,2017,30060,180,1606344,1060452,53210
1,2019,30060,180,13106550,9885796,73474
1,2021,30060,180,3672407,2798708,0
1,2017,30060,190,3134245,1917826,42665
1,2019,30060,190,24560938,21309084,36737
1,2021,30060,190,4944816,2769707,0
1,2017,30060,200,5593636,4804897,21089
1,2019,30060,200,32164480,24772169,51151
1,2021,30060,200,6877292,5706294,0
1,2017,30060,210,7407092,4365808,21576
1,2019,30060,210,19069715,18743511,45351
1,2021,30060,210,11678853,10767422,0
1,2017,30060,220,4755681,4466193,0
1,2019,30060,220,7400920,6291235,0
1,2021,30060,220,13889465,13975853,0
1,2017,30060,230,4998850,2861084,22061
1,2019,30060,230,5320302,4424422,0
1,2021,30060,230,16392917,12491580,36507
1,2017,30060,240,7547850,5022938,0
1,2019,30060,240,6616835,9513201,0
1,2021,30060,240,13144387,10991399,0
1,2017,30060,250,8440999,8446361,0
1,2019,30060,250,10916961,11121623,51151
1,2021,30060,250,11234327,9514860,0
1,2017,30060,260,12850763,8867546,0
1,2019,30060,260,15308006,15293551,0
1,2021,30060,260,8737201,9638274,0
1,2017,30060,270,15338382,10554892,0
1,2019,30060,270,13540710,11373343,0
1,2021,30060,270,7469597,8252400,0
1,2017,30060,280,8577144,6179515,0
1,2019,30060,280,13214789,10986160,17205
1,2021,30060,280,6271679,6089775,0
1,2017,30060,290,7818791,7324413,0
1,2019,30060,290,12053616,10866875,0
1,2021,30060,290,5763509,5070543,0
1,2017,30060,300,8013727,8004276,0
1,2019,30060,300,14631391,12129060,0
1,2021,30060,300,7699274,7667889,0
1,2017,30060,310,16940731,13454985,0
1,2019,30060,310,25561568,19596083,0
1,2021,30060,310,11045437,12626142,0
1,2017,30060,320,24299708,22406752,0
1,2019,30060,320,32708403,30143036,0
1,2021,30060,320,26392724,21147090,0
1,2017,30060,330,52870834,38334575,0
1,2019,30060,330,45159073,38264180,0
1,2021,30060,330,51458686,37717152,0
1,2017,30060,340,65923461,46332769,0
1,2019,30060,340,53666972,44074604,0
1,2021,30060,340,90961820,74283800,0
1,2017,30060,350,89847933,59501302,0
1,2019,30060,350,80377584,47759895,0
1,2021,30060,350,140063198,88051949,0
1,2017,30060,360,111765224,75282112,0
1,2019,30060,360,107553700,73885095,0
1,2021,30060,360,145880329,150675621,0
1,2017,30060,370,129011294,86778638,0
1,2019,30060,370,123145688,77947126,0
1,2021,30060,370,130833625,131198580,0
1,2017,30060,380,191343466,103479296,0
1,2019,30060,380,129328839,90078026,18035
1,2021,30060,380,128614563,89837994,0
1,2017,30060,390,176632581,115919513,1344928
1,2019,30060,390,108479785,97935794,0
1,2021,30060,390,130471743,90740123,128756
1,2017,30060,400,98715550,128784143,0
1,2019,30060,400,75185364,99330010,0
1,2021,30060,400,100333933,97765218,128756
1,2017,30060,410,47629771,131665439,18906
1,2019,30060,410,32947775,77896683,0
1,2021,30060,410,49896858,93490846,0
1,2017,30060,420,19762598,78382875,0
1,2019,30060,420,13322936,51598169,0
1,2021,30060,420,15540932,59322115,0
1,2017,30060,430,7706529,44173467,0
1,2019,30060,430,4389970,25055821,0
1,2021,30060,430,3398938,37067526,0
1,2017,30060,440,851464,22578223,0
1,2019,30060,440,694627,9517640,0
1,2021,30060,440,1011295,9131391,0
1,2017,30060,450,204904,11745531,0
1,2019,30060,450,396731,6314317,0
1,2021,30060,450,328507,3564662,0
1,2017,30060,460,414554,4609917,0
1,2019,30060,460,131954,2037407,0
1,2021,30060,460,26111,1670781,0
1,2017,30060,470,0,3793882,0
1,2019,30060,470,25492,803112,0
1,2021,30060,470,0,546204,0
1,2017,30060,480,0,510869,0
1,2019,30060,480,0,363640,0
1,2021,30060,480,65063,63573,0
1,2017,30060,490,0,490455,0
1,2019,30060,490,7940,227884,0
1,2021,30060,490,0,135730,0
1,2017,30060,500,0,0,0
1,2019,30060,500,0,16451,0
1,2021,30060,500,0,0,0
1,2017,30060,510,0,18906,0
1,2019,30060,510,0,0,0
1,2021,30060,510,0,0,0
1,2017,30060,520,0,31092,0
1,2019,30060,520,0,0,0
1,2021,30060,520,0,0,0
1,2017,30060,530,0,0,0
1,2019,30060,530,0,0,0
1,2021,30060,530,0,0,0
1,2017,30060,540,0,0,0
1,2019,30060,540,0,0,0
1,2021,30060,540,0,0,0
1,2017,30060,550,0,0,0
1,2019,30060,550,0,0,0
1,2021,30060,550,0,0,0
1,2017,30060,560,0,0,0
1,2019,30060,560,17145,0,0
1,2021,30060,560,0,0,0
1,2017,30060,570,0,0,0
1,2019,30060,570,0,0,0
1,2021,30060,570,0,0,0
1,2017,30060,580,0,0,0
1,2019,30060,580,0,0,0
1,2021,30060,580,0,0,0
1,2017,30060,610,0,0,0
1,2019,30060,610,0,0,0
1,2021,30060,610,0,0,0
1,2017,30060,620,0,0,0
1,2019,30060,620,0,0,0
1,2021,30060,620,0,0,0
1,2017,30060,650,0,0,0
1,2019,30060,650,0,0,0
1,2021,30060,650,0,0,0
1,2017,30060,660,0,0,0
1,2019,30060,660,0,0,0
1,2021,30060,660,0,0,0
1,2017,30060,680,0,0,0
1,2019,30060,680,0,0,0
1,2021,30060,680,0,0,0
1,2017,30060,700,0,0,0
1,2019,30060,700,0,0,0
1,2021,30060,700,0,0,0
1,2017,30060,790,0,0,0
1,2019,30060,790,0,0,0
1,2021,30060,790,0,0,0
